#        weight    minuslogpost              nt               r            r005   minuslogprior minuslogprior__0            chi2        chi2__BB
              2       4.9108559    -0.021203889     0.019744647     0.020153877        3.401194         3.401194       3.0193237       3.0193237
              1       3.9002568      0.16933698     0.020194253     0.028010404        3.401194         3.401194      0.99812558      0.99812558
              3       3.4955499      0.12507148     0.020269291      0.02618122        3.401194         3.401194      0.18871163      0.18871163
              1       3.6968769     0.069009529     0.020254132     0.023904481        3.401194         3.401194      0.59136565      0.59136565
              2       3.4110089     0.090049087      0.01994291     0.024347828        3.401194         3.401194     0.019629612     0.019629612
              2       4.1408047      0.17444231     0.020706448     0.028957806        3.401194         3.401194       1.4792213       1.4792213
             10       3.5922702     0.065930325     0.020090912     0.023594624        3.401194         3.401194      0.38215224      0.38215224
              6       3.7347089     0.046079123     0.019956452     0.022699765        3.401194         3.401194      0.66702975      0.66702975
              1       4.1113572     0.048178907     0.019185098     0.021896249        3.401194         3.401194       1.4203263       1.4203263
              1       4.3497317      0.10157037     0.019165573     0.023836723        3.401194         3.401194       1.8970753       1.8970753
              1       4.0150086       0.1496878     0.019691881     0.026463335        3.401194         3.401194        1.227629        1.227629
              3       4.5055147   -0.0028143626     0.019803298     0.020820947        3.401194         3.401194       2.2086412       2.2086412
             12        3.727044     0.046941495       0.0199626     0.022738295        3.401194         3.401194       0.6516999       0.6516999
              3       6.7512759    -0.076631136     0.019756173     0.018444634        3.401194         3.401194       6.7001638       6.7001638
              6       3.5277658     0.078658875     0.019654257     0.023559547        3.401194         3.401194      0.25314341      0.25314341
              2       4.0431291     0.096949679      0.01929334     0.023817843        3.401194         3.401194       1.2838702       1.2838702
              1       4.8811877      0.16688848      0.01941278     0.026820561        3.401194         3.401194       2.9599873       2.9599873
              5       3.6109448     0.094875716     0.019581449     0.024092963        3.401194         3.401194      0.41950143      0.41950143
              2        3.574238      0.07963501     0.019591668     0.023521445        3.401194         3.401194      0.34608787      0.34608787
              1        3.590973      0.13943513     0.020011652     0.026452944        3.401194         3.401194      0.37955791      0.37955791
              6       3.4379059      0.11809914     0.020023804     0.025575518        3.401194         3.401194     0.073423757     0.073423757
              1       3.4639275     0.085987362     0.019754968     0.023961225        3.401194         3.401194      0.12546695      0.12546695
              2       3.8475583     0.098546932     0.019414352     0.024028926        3.401194         3.401194      0.89272852      0.89272852
              2       3.6907744     0.046344678     0.019852831     0.022591553        3.401194         3.401194      0.57916075      0.57916075
              3       3.5519209     0.066303142     0.020023782     0.023529902        3.401194         3.401194      0.30145375      0.30145375
              6       3.5879556     0.064270203     0.020057782     0.023492863        3.401194         3.401194      0.37352304      0.37352304
              6       3.4675947     0.073874266     0.019869832     0.023635249        3.401194         3.401194      0.13280137      0.13280137
              1       4.0006397      0.14977228     0.019703232     0.026482191        3.401194         3.401194       1.1988913       1.1988913
              3       4.0256122      0.16027551     0.019820638     0.027094148        3.401194         3.401194       1.2488364       1.2488364
              1       3.9475132      0.16144433     0.019913099     0.027271793        3.401194         3.401194       1.0926383       1.0926383
              3       4.3628664      0.18108634     0.019878514      0.02809881        3.401194         3.401194       1.9233446       1.9233446
              1       4.4521409     0.096453204      0.02089068     0.025769178        3.401194         3.401194       2.1018937       2.1018937
              3       4.7002242      0.20290775     0.020871156      0.03055646        3.401194         3.401194       2.5980603       2.5980603
              2       3.9292491      0.16043584     0.020623763     0.028199269        3.401194         3.401194       1.0561102       1.0561102
              2       3.6696462     0.055946659      0.01955318     0.022597091        3.401194         3.401194      0.53690431      0.53690431
              2       3.6710991     0.056417857     0.019547246     0.022607372        3.401194         3.401194      0.53981016      0.53981016
              1       3.9039904      0.16189391      0.01997178     0.027371957        3.401194         3.401194       1.0055927       1.0055927
              1       4.6151847      0.20546413     0.020206836      0.02970583        3.401194         3.401194       2.4279813       2.4279813
              1       4.0143594      0.17701144     0.020227932     0.028405817        3.401194         3.401194       1.2263308       1.2263308
              1       3.7003625       0.1221441     0.019663013     0.025278728        3.401194         3.401194      0.59833696      0.59833696
              1       4.7505364      0.18153567     0.019639939     0.027781662        3.401194         3.401194       2.6986847       2.6986847
              2       4.3564738     0.019420362     0.020136122     0.021942201        3.401194         3.401194       1.9105596       1.9105596
              2       3.5080693      0.10733058      0.01975521     0.024798911        3.401194         3.401194      0.21375049      0.21375049
              5       3.4579534     0.084600096      0.01977071     0.023926837        3.401194         3.401194      0.11351867      0.11351867
              4       3.5335021     0.067655943     0.019700601     0.023200592        3.401194         3.401194       0.2646161       0.2646161
              4       3.6808041     0.067505957      0.01948795     0.022944621        3.401194         3.401194      0.55922015      0.55922015
              4       5.5333783       0.1503319     0.019038388     0.025611661        3.401194         3.401194       4.2643684       4.2643684
              2        7.606661      0.21873755     0.019075951     0.028648856        3.401194         3.401194       8.4109338       8.4109338
              2       10.529237      0.30727132     0.019471759     0.033721643        3.401194         3.401194       14.256087       14.256087
              1       4.0664183      0.14539649     0.019611037     0.026173298        3.401194         3.401194       1.3304485       1.3304485
              2       3.9212951      0.12731962     0.019541122     0.025332158        3.401194         3.401194        1.040202        1.040202
              2        3.452168     0.094946364     0.019785403     0.024346675        3.401194         3.401194        0.101948        0.101948
              1       3.6724478      0.13188956     0.019782096     0.025833858        3.401194         3.401194       0.5425076       0.5425076
              2       3.5597846      0.13927308     0.020112122      0.02657882        3.401194         3.401194      0.31718114      0.31718114
              1       4.9772783      0.22312505     0.020392216     0.030842689        3.401194         3.401194       3.1521685       3.1521685
              5       3.8514717      0.16274135     0.020486134     0.028115216        3.401194         3.401194      0.90055521      0.90055521
              1       4.1118373      0.12806251     0.020829391     0.027034512        3.401194         3.401194       1.4212864       1.4212864
              5       4.9980444      0.14024136     0.021246339     0.028121515        3.401194         3.401194       3.1937006       3.1937006
              3       5.7316576      0.24911505     0.020472647     0.032287026        3.401194         3.401194       4.6609272       4.6609272
              2       5.0647507      0.16566996     0.021280019     0.029342725        3.401194         3.401194       3.3271133       3.3271133
              4       4.6638384      0.13349198     0.021102915     0.027629908        3.401194         3.401194       2.5252888       2.5252888
              1       5.5009099    -0.006199189     0.020398602     0.021330325        3.401194         3.401194       4.1994316       4.1994316
             15       3.5018906      0.12295191     0.020296141     0.026126622        3.401194         3.401194      0.20139314      0.20139314
              1       4.7964673     0.037180999     0.020599531     0.023098077        3.401194         3.401194       2.7905464       2.7905464
              1       5.4194557     0.010225793     0.020569049     0.022084717        3.401194         3.401194       4.0365233       4.0365233
              6       6.1789671     0.042760862     0.021128809     0.023905272        3.401194         3.401194       5.5555461       5.5555461
              5        5.255865      0.11403726     0.021268609     0.026988442        3.401194         3.401194       3.7093419       3.7093419
             17       3.6232916     0.081933004     0.020301271     0.024463694        3.401194         3.401194      0.44419514      0.44419514
              1       3.5766143      0.14195837     0.020195826     0.026805033        3.401194         3.401194      0.35084044      0.35084044
              6       4.3755025      0.19733645     0.020321923     0.029486768        3.401194         3.401194       1.9486168       1.9486168
              4       3.9130615      0.17096109     0.020245666     0.028155214        3.401194         3.401194        1.023735        1.023735
              2       4.5091412     0.021696907     0.020273226     0.022172693        3.401194         3.401194       2.2158943       2.2158943
              1       3.5569284      0.13115911      0.01992599     0.025991198        3.401194         3.401194      0.31146873      0.31146873
              1       3.4198299      0.11050515     0.019970401     0.025197454        3.401194         3.401194     0.037271794     0.037271794
              2       4.7258066    -0.014110355     0.019738581     0.020379021        3.401194         3.401194       2.6492252       2.6492252
              3       3.9489647     0.024401796     0.019625088     0.021557472        3.401194         3.401194       1.0955414       1.0955414
              1       5.0044353    -0.030197641     0.019477035      0.01959502        3.401194         3.401194       3.2064824       3.2064824
              1       4.7718615    -0.020507854     0.019462741     0.019888395        3.401194         3.401194       2.7413349       2.7413349
              7       4.6639867    -0.015350559     0.019404247     0.019993891        3.401194         3.401194       2.5255854       2.5255854
              2       5.0462001    -0.010366226     0.018891091     0.019621918        3.401194         3.401194       3.2900122       3.2900122
              1        4.545822     0.056107284     0.018959072     0.021916162        3.401194         3.401194       2.2892559       2.2892559
              1       4.6210822      0.09332698     0.019019578      0.02334338        3.401194         3.401194       2.4397764       2.4397764
              1        3.738485     0.098641604     0.020505076     0.025382769        3.401194         3.401194      0.67458196      0.67458196
              1       3.9259596      0.13278923     0.020717837     0.027095066        3.401194         3.401194       1.0495311       1.0495311
              1       8.1505554      0.06024768     0.021735178     0.025293249        3.401194         3.401194       9.4987228       9.4987228
              2       3.8948079     0.094290749     0.020591476     0.025311856        3.401194         3.401194      0.98722778      0.98722778
              3       6.7233999      0.27465338     0.021096928     0.034667602        3.401194         3.401194       6.6444116       6.6444116
              3       3.9279792      0.15937351     0.019898078     0.027160548        3.401194         3.401194       1.0535703       1.0535703
              1       4.0061578      0.16552603     0.019924227     0.027466878        3.401194         3.401194       1.2099274       1.2099274
              3       3.6985955      0.14562742     0.020467109     0.027325984        3.401194         3.401194        0.594803        0.594803
              1       4.8312323    -0.016709958     0.019136315     0.019674724        3.401194         3.401194       2.8600765       2.8600765
              1       5.1829514     0.031334962     0.018700176     0.020771985        3.401194         3.401194       3.5635147       3.5635147
              1       4.0191068      0.17637478     0.020182543     0.028313052        3.401194         3.401194       1.2358256       1.2358256
              2       4.2062788     0.089583935     0.020740004     0.025302034        3.401194         3.401194       1.6101694       1.6101694
              2       3.8238788     0.075394882     0.020418712     0.024347659        3.401194         3.401194      0.84536954      0.84536954
              1       3.5673606      0.09267463     0.019618314     0.024052963        3.401194         3.401194      0.33233303      0.33233303
              2       3.8699892     0.084767724     0.020519163     0.024839328        3.401194         3.401194      0.93759025      0.93759025
              2       5.9427323      0.21533429     0.021478887     0.032081457        3.401194         3.401194       5.0830766       5.0830766
              4       4.0332038      0.16952285     0.019971642     0.027709919        3.401194         3.401194       1.2640195       1.2640195
              1       5.4970105      0.23349965     0.021041573     0.032360674        3.401194         3.401194       4.1916329       4.1916329
              1       4.9852342      0.15783079      0.02125259     0.028937496        3.401194         3.401194       3.1680803       3.1680803
              1       4.7378553       0.1154226     0.021086558     0.026817158        3.401194         3.401194       2.6733225       2.6733225
              2       3.9907774      0.15591072     0.019788057     0.026860257        3.401194         3.401194       1.1791666       1.1791666
              3       3.5875579      0.10776806     0.020408437     0.025636958        3.401194         3.401194      0.37272775      0.37272775
              3        3.473866      0.11374827     0.020265598      0.02570373        3.401194         3.401194      0.14534396      0.14534396
              2       6.0864696     0.011956481     0.020824411     0.022421261        3.401194         3.401194       5.3705511       5.3705511
              2       4.0841053     0.048575279     0.019201946     0.021929464        3.401194         3.401194       1.3658226       1.3658226
              1       4.3495427     0.061744429     0.019053136      0.02222563        3.401194         3.401194       1.8966973       1.8966973
              3       5.7349754     -0.05102216     0.018914286     0.018401664        3.401194         3.401194       4.6675628       4.6675628
              1       5.2426799     -0.02058305     0.018857307     0.019267388        3.401194         3.401194       3.6829717       3.6829717
              1         6.58961    -0.084964176     0.019005225     0.017507161        3.401194         3.401194       6.3768319       6.3768319
              1       6.7189953    -0.088263007     0.018944291     0.017358623        3.401194         3.401194       6.6356025       6.6356025
              1       5.0781478     0.084556524      0.01882534     0.022781138        3.401194         3.401194       3.3539076       3.3539076
              1       3.4931257      0.12252768     0.019922348     0.025627947        3.401194         3.401194      0.18386327      0.18386327
              2       3.9647467     0.031820917     0.019392098     0.021557419        3.401194         3.401194       1.1271054       1.1271054
              2       3.9401577     0.031139908     0.019434355     0.021580728        3.401194         3.401194       1.0779273       1.0779273
              3       3.5726595     0.058650128     0.019881384     0.023076577        3.401194         3.401194      0.34293095      0.34293095
              2       3.5534774     0.065090401     0.019680912     0.023081901        3.401194         3.401194      0.30456678      0.30456678
              2       3.7199812      0.13773282     0.020539404     0.027076283        3.401194         3.401194      0.63757432      0.63757432
              3       4.5033014      0.10201209     0.020938664     0.026060483        3.401194         3.401194       2.2042147       2.2042147
              1        4.216871      0.08963761      0.02074559     0.025311034        3.401194         3.401194       1.6313539       1.6313539
              1       3.7805852       0.1336283     0.020606158     0.026985427        3.401194         3.401194      0.75878235      0.75878235
              3       5.3851864      0.23170474     0.020976892     0.032168136        3.401194         3.401194       3.9679847       3.9679847
              2        4.951132      0.14598013     0.021235161     0.028367522        3.401194         3.401194       3.0998759       3.0998759
              1       4.2959861     0.056173338     0.020541344     0.023747748        3.401194         3.401194       1.7895841       1.7895841
              1       3.7286215     0.043704644     0.019874411     0.022520218        3.401194         3.401194      0.65485494      0.65485494
              2       3.6992712      0.14499015     0.019928432     0.026579512        3.401194         3.401194      0.59615423      0.59615423
              2       3.9889432      0.03206497     0.019360768     0.021531047        3.401194         3.401194       1.1754984       1.1754984
              1       3.7207685      0.06400373     0.019455258     0.022777381        3.401194         3.401194      0.63914887      0.63914887
              2       4.5355729     0.036691451     0.018967724     0.021251596        3.401194         3.401194       2.2687577       2.2687577
              4        4.358433  -0.00038824413     0.019517851     0.020601115        3.401194         3.401194       1.9144778       1.9144778
              1       4.7744961   -0.0030720935     0.020051849     0.021073527        3.401194         3.401194       2.7466041       2.7466041
              1       4.8473313   -0.0062272017     0.020044845     0.020959464        3.401194         3.401194       2.8922745       2.8922745
              5       3.4148089     0.091107805     0.019892773     0.024328036        3.401194         3.401194     0.027229727     0.027229727
              4       3.4530256      0.12212123     0.020149684     0.025903438        3.401194         3.401194      0.10366312      0.10366312
              9       3.4533232     0.094143354     0.020167259     0.024784511        3.401194         3.401194      0.10425836      0.10425836
              1       3.6966281      0.12383517     0.019680478     0.025370136        3.401194         3.401194      0.59086806      0.59086806
              1       4.1421245      0.17541439     0.019972703     0.027975403        3.401194         3.401194       1.4818609       1.4818609
              2       3.8795469      0.15001566     0.020644726     0.027758479        3.401194         3.401194      0.95670574      0.95670574
              1       3.8411238      0.16567035     0.020366022     0.028082445        3.401194         3.401194      0.87985942      0.87985942
              1       4.6823294      0.21129783     0.020612147     0.030587514        3.401194         3.401194       2.5622706       2.5622706
              2       4.1488743     0.096666746     0.020748161     0.025602175        3.401194         3.401194       1.4953606       1.4953606
              3       4.4580588      0.19365513     0.020775959     0.029967485        3.401194         3.401194       2.1137296       2.1137296
              2       3.5391238      0.13111635     0.019959952     0.026033705        3.401194         3.401194      0.27585952      0.27585952
              1        3.414828      0.10293842     0.020112213      0.02506922        3.401194         3.401194     0.027267868     0.027267868
              6       3.4531986     0.077681393     0.019846605     0.023752717        3.401194         3.401194      0.10400918      0.10400918
              2       3.8304983      0.16319695     0.020429881     0.028058582        3.401194         3.401194      0.85860856      0.85860856
              3       3.8439178     0.032161717     0.019724185     0.021938617        3.401194         3.401194      0.88544759      0.88544759
              4       5.0488437        0.143911     0.021270341      0.02832005        3.401194         3.401194       3.2952993       3.2952993
              2       3.6673678      0.10607798     0.020478342     0.025654894        3.401194         3.401194      0.53234757      0.53234757
              1        4.213572     0.015179299     0.019920144     0.021559191        3.401194         3.401194       1.6247559       1.6247559
              1       4.0215439     0.024070408     0.019881102      0.02182705        3.401194         3.401194       1.2406997       1.2406997
              3       4.7295669      0.11763214     0.021090523     0.026917752        3.401194         3.401194       2.6567458       2.6567458
              1       5.7754896      0.19773749     0.021490453     0.031202418        3.401194         3.401194       4.7485912       4.7485912
              2       6.6525688      0.18239594     0.021802478      0.03088341        3.401194         3.401194       6.5027494       6.5027494
              8        5.517555     0.019111128     0.020703368     0.022549099        3.401194         3.401194        4.232722        4.232722
              2       5.3181368     0.091421968     0.021188879     0.025926226        3.401194         3.401194       3.8338856       3.8338856
              1       3.7373407     0.073751427     0.020336633     0.024185729        3.401194         3.401194      0.67229331      0.67229331
              1       4.7847353     0.031287208     0.020533168     0.022806302        3.401194         3.401194       2.7670824       2.7670824
              5       4.7624067     0.018581751      0.02037405     0.022171525        3.401194         3.401194       2.7224253       2.7224253
              1       4.0869076     0.051214703      0.02037046     0.023362993        3.401194         3.401194       1.3714272       1.3714272
              3        4.444902     0.057606887     0.020628569     0.023903676        3.401194         3.401194       2.0874159       2.0874159
              3       5.7564909      0.10805018     0.021402292     0.026897643        3.401194         3.401194       4.7105938       4.7105938
              5       5.4682396    -0.019959155     0.020179188     0.020638728        3.401194         3.401194       4.1340912       4.1340912
              1       4.8301375    -0.017457291     0.019765201     0.020296876        3.401194         3.401194        2.857887        2.857887
              4       3.5799658     0.090845142     0.020321431     0.024841763        3.401194         3.401194      0.35754351      0.35754351
              2       3.4632252     0.097174424     0.020204344     0.024951512        3.401194         3.401194      0.12406222      0.12406222
              3       3.4671394      0.12525461     0.020067229     0.025927863        3.401194         3.401194      0.13189065      0.13189065
              1       3.5824379     0.095581107     0.020352172     0.025069704        3.401194         3.401194      0.36248778      0.36248778
              6       4.2328195    0.0070653177     0.019487512     0.020817326        3.401194         3.401194       1.6632509       1.6632509
              5        5.219484    -0.027051708     0.018945072     0.019156583        3.401194         3.401194       3.6365798       3.6365798
              5       5.7020318    -0.052570286     0.018987119     0.018426554        3.401194         3.401194       4.6016754       4.6016754
              1       4.4680233      0.12153307      0.02099254     0.026961439        3.401194         3.401194       2.1336585       2.1336585
              4       3.7754739     0.067209717     0.019401668     0.022832146        3.401194         3.401194      0.74855966      0.74855966
              1       3.7184035      0.11612741     0.019602524     0.024958109        3.401194         3.401194      0.63441893      0.63441893
              2       6.9804848      0.13395513     0.021821556     0.028592125        3.401194         3.401194       7.1585816       7.1585816
              1       4.1631131     0.022803354     0.019269012     0.021111953        3.401194         3.401194        1.523838        1.523838
              5       4.5013202     0.061313285      0.02068567     0.024113255        3.401194         3.401194       2.2002524       2.2002524
              2       3.9446491      0.17351366     0.020319789     0.028374626        3.401194         3.401194       1.0869102       1.0869102
              1       4.5122154      0.17586505     0.020982782     0.029411527        3.401194         3.401194       2.2220428       2.2220428
              1       4.2347287      0.12502331     0.020889942     0.026980804        3.401194         3.401194       1.6670693       1.6670693
              1       3.6414528     0.079058125     0.019519773     0.023413381        3.401194         3.401194      0.48051756      0.48051756
              2       4.0026983      0.16283964     0.020679447      0.02838501        3.401194         3.401194       1.2030084       1.2030084
              1       4.0104478     0.085456488     0.020610473     0.024977535        3.401194         3.401194       1.2185075       1.2185075
              1       3.7991834     0.039863198     0.019531457       0.0219952        3.401194         3.401194      0.79597878      0.79597878
              1       3.7694374     0.085239336     0.019422939     0.023530156        3.401194         3.401194      0.73648665      0.73648665
              1       3.5723042       0.1407163     0.020249771     0.026822959        3.401194         3.401194      0.34222034      0.34222034
              1       3.6727443      0.12220872     0.020515215     0.026377061        3.401194         3.401194      0.54310047      0.54310047
              2       3.5297633     0.096867867      0.02029956     0.025056734        3.401194         3.401194      0.25713856      0.25713856
              1       7.6534209     -0.10688529     0.018549873     0.016495346        3.401194         3.401194       8.5044536       8.5044536
              2       4.5714284     0.021090969     0.018987865      0.02074666        3.401194         3.401194       2.3404688       2.3404688
              1       3.9725969      0.04470755     0.019293859     0.021897697        3.401194         3.401194       1.1428057       1.1428057
              3       4.0308291     0.027241288     0.019364922     0.021369123        3.401194         3.401194       1.2592701       1.2592701
              2       4.9694685      0.19656568      0.02112736     0.030617439        3.401194         3.401194       3.1365489       3.1365489
              4       4.6591477      0.20428967     0.020804198     0.030526248        3.401194         3.401194       2.5159073       2.5159073
              7       3.5295997       0.1242038       0.0203414     0.026237695        3.401194         3.401194      0.25681135      0.25681135
              6         3.48641      0.11208859      0.02028782     0.025663273        3.401194         3.401194      0.17043181      0.17043181
              6       3.6245879     0.088722049     0.020352625     0.024795027        3.401194         3.401194      0.44678769      0.44678769
              2       4.2895702       0.1775054     0.019875581     0.027933212        3.401194         3.401194       1.7767523       1.7767523
              4       3.9477397     0.042739734     0.020159402     0.022807703        3.401194         3.401194       1.0930914       1.0930914
              3       3.4460201     0.078513104     0.019903651     0.023852898        3.401194         3.401194     0.089652005     0.089652005
              2       4.3534328  -0.00014754807     0.019532001     0.020624038        3.401194         3.401194       1.9044775       1.9044775
              1       4.3632519  -0.00048464376      0.01948629     0.020564612        3.401194         3.401194       1.9241156       1.9241156
              1       3.9192772     0.026840019      0.01959989     0.021614446        3.401194         3.401194       1.0361662       1.0361662
              1        3.799254     0.056915635     0.019399826     0.022454855        3.401194         3.401194      0.79611996      0.79611996
              9       3.6785684     0.065486855     0.019494811     0.022878233        3.401194         3.401194      0.55474873      0.55474873
              1       4.5866266     0.079883287     0.020855341     0.025048597        3.401194         3.401194       2.3708651       2.3708651
              2       6.5352825    -0.035818503     0.020403609     0.020342346        3.401194         3.401194        6.268177        6.268177
              2       6.6950714    -0.038805241     0.020420028     0.020261087        3.401194         3.401194       6.5877547       6.5877547
              2       5.6541406    -0.037049783     0.019971474      0.01987209        3.401194         3.401194       4.5058931       4.5058931
              3       5.6719847     0.024038881     0.020807228     0.022842666        3.401194         3.401194       4.5415813       4.5415813
              2       4.9298826     0.097627879     0.021086155     0.026059522        3.401194         3.401194       3.0573772       3.0573772
              4       4.2531299     0.071036568     0.019112109     0.022630344        3.401194         3.401194       1.7038718       1.7038718
              2       5.4087784     -0.02960867     0.018842054     0.018974169        3.401194         3.401194       4.0151687       4.0151687
              6       8.5112474     -0.13610102     0.018738161     0.015897416        3.401194         3.401194       10.220107       10.220107
              1       6.0625915    -0.069058598     0.019265062     0.018206674        3.401194         3.401194       5.3227949       5.3227949
              2       6.0811163    -0.069595449     0.019274876     0.018200217        3.401194         3.401194       5.3598445       5.3598445
              3        7.410584     -0.10850814     0.019119868     0.016957861        3.401194         3.401194       8.0187799       8.0187799
              2       5.2929339    -0.036690933     0.019686589     0.019599939        3.401194         3.401194       3.7834798       3.7834798
              7       3.9674513     0.036566682     0.020080893     0.022494282        3.401194         3.401194       1.1325146       1.1325146
              1       3.9884404     0.034503788     0.020066793     0.022403981        3.401194         3.401194       1.1744927       1.1744927
              1       6.0145223      0.18927967      0.02159767     0.030934123        3.401194         3.401194       5.2266565       5.2266565
              1        7.188938      0.15434079     0.021921349     0.029680893        3.401194         3.401194       7.5754879       7.5754879
              1       3.5843992     0.070394709     0.020140291     0.023823175        3.401194         3.401194      0.36641037      0.36641037
              2       3.4323641      0.11445263     0.020154592     0.025591932        3.401194         3.401194     0.062340031     0.062340031
              4       3.8605867     0.036503654     0.019944704     0.022339459        3.401194         3.401194      0.91878526      0.91878526
              3       4.2979472      0.10949701     0.019227359     0.024220598        3.401194         3.401194       1.7935063       1.7935063
              1       4.9092685     0.074791509     0.020950061     0.024957001        3.401194         3.401194       3.0161488       3.0161488
              1        4.909839     0.074328877     0.020947265     0.024935098        3.401194         3.401194         3.01729         3.01729
              4        4.572521      0.13093209     0.019239339     0.025086372        3.401194         3.401194        2.342654        2.342654
              1       4.5328852      0.13106161     0.019256735     0.025114289        3.401194         3.401194       2.2633824       2.2633824
              1       4.7858795     0.034419719     0.018855487     0.021048745        3.401194         3.401194       2.7693709       2.7693709
              1       4.5649147     0.070739782     0.018973087     0.022455001        3.401194         3.401194       2.3274412       2.3274412
              1       4.2555784     0.073379742     0.019115302     0.022719643        3.401194         3.401194       1.7087687       1.7087687
              1       5.0145442      0.20540623     0.019851767     0.029181127        3.401194         3.401194       3.2267003       3.2267003
              1       4.4552716       0.2001143     0.020268383     0.029540857        3.401194         3.401194       2.1081552       2.1081552
              1       3.5611336     0.060787338     0.019914819     0.023195033        3.401194         3.401194      0.31987909      0.31987909
              2       5.7606539     0.023750418     0.018506367     0.020307296        3.401194         3.401194       4.7189196       4.7189196
              2       6.0501207      0.18777871     0.019199402     0.027432759        3.401194         3.401194       5.2978534       5.2978534
              8       4.5156871      0.15624325     0.019472162     0.026445612        3.401194         3.401194       2.2289861       2.2289861
              1       3.5581317     0.064252879     0.019679567     0.023049233        3.401194         3.401194      0.31387526      0.31387526
              1       3.6584666     0.049544738     0.019675756     0.022505664        3.401194         3.401194      0.51454513      0.51454513
              1       3.8683739     0.037161556     0.019456876     0.021816146        3.401194         3.401194      0.93435965      0.93435965
              2        3.620828       0.0996077     0.019590925     0.024288899        3.401194         3.401194      0.43926793      0.43926793
              4       3.8768811     0.032196653     0.019853026     0.022083164        3.401194         3.401194      0.95137403      0.95137403
              3       3.5757304     0.086972787     0.020290094     0.024649354        3.401194         3.401194      0.34907272      0.34907272
              1       5.1437414   0.00090495866     0.018775201     0.019858537        3.401194         3.401194       3.4850946       3.4850946
              1       4.4597048      0.19723742     0.020147999     0.029229748        3.401194         3.401194       2.1170215       2.1170215
              3       4.6437055      0.16134466     0.021099288     0.028891693        3.401194         3.401194       2.4850228       2.4850228
              2       7.2795757      0.22627047     0.021900272     0.033291694        3.401194         3.401194       7.7567632       7.7567632
             12       5.4471994      0.18971311     0.019428029     0.027845987        3.401194         3.401194       4.0920107       4.0920107
              3       4.8750586    -0.007608152      0.01897825     0.019800146        3.401194         3.401194        2.947729        2.947729
              1       3.5615539     0.061457339     0.019712922     0.022984652        3.401194         3.401194      0.32071971      0.32071971
              1       4.0142289     0.034011419     0.019317499     0.021550332        3.401194         3.401194       1.2260698       1.2260698
              3       5.0120195      0.14354798     0.019161358     0.025497179        3.401194         3.401194       3.2216509       3.2216509
              1       4.3532606      0.16913406     0.019705531     0.027323598        3.401194         3.401194        1.904133        1.904133
              3       3.5951767     0.098932934     0.019612409     0.024289143        3.401194         3.401194      0.38796536      0.38796536
              1       3.7173248      0.13821485     0.020534834     0.027091268        3.401194         3.401194      0.63226153      0.63226153
              1       4.6087338     0.021378394     0.020327239     0.022220373        3.401194         3.401194       2.4150796       2.4150796
              1       3.5504201      0.12958174     0.020351742     0.026479236        3.401194         3.401194      0.29845204      0.29845204
              1       4.3836575      0.16388017     0.020955074      0.02881155        3.401194         3.401194        1.964927        1.964927
              2       4.5449528      0.13151624      0.02104845     0.027471104        3.401194         3.401194       2.2875176       2.2875176
              1       3.7871926     0.048355506     0.020078787     0.022922745        3.401194         3.401194      0.77199712      0.77199712
              3       3.6929739      0.12998778     0.019741295     0.025701786        3.401194         3.401194      0.58355977      0.58355977
              2       3.6957491      0.12780352      0.01971719     0.025580319        3.401194         3.401194       0.5891101       0.5891101
              2       4.7913993      0.11824157     0.019075392     0.024369739        3.401194         3.401194       2.7804105       2.7804105
              2       3.6599158     0.049316696     0.019677761     0.022499697        3.401194         3.401194      0.51744357      0.51744357
              1       5.2734671      0.11909848      0.01891763     0.024201545        3.401194         3.401194       3.7445462       3.7445462
              4       5.7251367      0.23102117     0.019910454     0.030499177        3.401194         3.401194       4.6478852       4.6478852
              1        4.404075      0.18376577     0.019893085     0.028240931        3.401194         3.401194       2.0057619       2.0057619
              4       3.8634941      0.14950992     0.019812207     0.026617417        3.401194         3.401194      0.92460013      0.92460013
              1       4.1814399      0.18071213     0.020046998     0.028319905        3.401194         3.401194       1.5604917       1.5604917
              3       4.6023988      0.12875372     0.021067964     0.027374592        3.401194         3.401194       2.4024094       2.4024094
              2       3.6778138     0.079768258     0.019486664     0.023400396        3.401194         3.401194      0.55323945      0.55323945
              1       4.0045595        0.138167      0.01958049     0.025830228        3.401194         3.401194        1.206731        1.206731
              5       4.0976935      0.18054749     0.020537355     0.029004935        3.401194         3.401194       1.3929989       1.3929989
              3       4.1509059      0.16353938     0.020801706     0.028584998        3.401194         3.401194       1.4994237       1.4994237
              2       4.0432661      0.12336118     0.020782734     0.026770627        3.401194         3.401194       1.2841441       1.2841441
              9       4.1377028      0.12012085     0.020828577     0.026690123        3.401194         3.401194       1.4730175       1.4730175
              3       4.1007037      0.13494602      0.02082909     0.027335285        3.401194         3.401194       1.3990193       1.3990193
              2         3.52321      0.13478411     0.020118127     0.026395367        3.401194         3.401194      0.24403182      0.24403182
              1       3.5623706      0.13781334     0.020047777     0.026431616        3.401194         3.401194      0.32235302      0.32235302
              3       3.5296875      0.13416376     0.020054274     0.026285333        3.401194         3.401194      0.25698682      0.25698682
              1       5.1120046    -0.020459484     0.019950934     0.020388851        3.401194         3.401194       3.4216211       3.4216211
              4       4.9468614      0.11040772     0.018978438       0.0239421        3.401194         3.401194       3.0913347       3.0913347
              3       5.2163182     0.082402479     0.018773541      0.02263983        3.401194         3.401194       3.6302483       3.6302483
              9       4.4985878      0.10153117     0.019102555     0.023756847        3.401194         3.401194       2.1947875       2.1947875
              2        4.681359     0.085905497     0.018969561     0.023005556        3.401194         3.401194       2.5603299       2.5603299
              1       3.4330035      0.10967539     0.019912303      0.02509062        3.401194         3.401194     0.063618864     0.063618864
              7       3.4239863      0.10468253     0.019895737     0.024869101        3.401194         3.401194     0.045584531     0.045584531
              2       3.6473336     0.083767744     0.019519332     0.023590992        3.401194         3.401194      0.49227905      0.49227905
              2       4.3368272    0.0025397859     0.019395095     0.020568245        3.401194         3.401194       1.8712663       1.8712663
              7       4.3245458     0.046162075     0.020459415     0.023274975        3.401194         3.401194       1.8467035       1.8467035
              2        3.811418        0.136413     0.020628249     0.027135702        3.401194         3.401194      0.82044788      0.82044788
              2       3.8397952     0.054652687     0.020222906     0.023322455        3.401194         3.401194      0.87720238      0.87720238
              2       3.5083592     0.087678286     0.019680097     0.023935463        3.401194         3.401194      0.21433036      0.21433036
              8       3.8574041      0.15430461     0.019889324      0.02692802        3.401194         3.401194      0.91242001      0.91242001
              1       3.8614801      0.16603964     0.020425157     0.028180729        3.401194         3.401194      0.92057208      0.92057208
              7       3.5531913     0.094233011      0.01963868     0.024138397        3.401194         3.401194      0.30399457      0.30399457
              1       3.9119359     0.071564746     0.019302929     0.022875728        3.401194         3.401194       1.0214837       1.0214837
              2       3.5491606      0.13671864     0.020060258     0.026401515        3.401194         3.401194      0.29593305      0.29593305
              2       4.4127485      0.11616859     0.019213306     0.024464174        3.401194         3.401194        2.023109        2.023109
              5       6.5165008    -0.026245945     0.020527339      0.02078345        3.401194         3.401194       6.2306135       6.2306135
              2       6.1422753    -0.036905661      0.02022758      0.02013159        3.401194         3.401194       5.4821626       5.4821626
              3       4.1857878     0.017840983      0.01994954     0.021683695        3.401194         3.401194       1.5691875       1.5691875
              2       5.5394608    -0.034511106     0.019950874     0.019932869        3.401194         3.401194       4.2765336       4.2765336
              1       4.5485555     0.052285412     0.018955387     0.021777534        3.401194         3.401194       2.2947229       2.2947229
              3       3.8269915      0.13706636     0.019696225     0.025936919        3.401194         3.401194      0.85159498      0.85159498
              5       4.8782673      0.10464843     0.018974091     0.023715769        3.401194         3.401194       2.9541464       2.9541464
              4       5.3732888        0.142426     0.019031726     0.025278993        3.401194         3.401194       3.9441896       3.9441896
              4       4.1246278      0.18443664      0.02042748     0.029030906        3.401194         3.401194       1.4468675       1.4468675
              5       5.1399292      0.15685665     0.019220665     0.026129832        3.401194         3.401194       3.4774703       3.4774703
              1       5.6078822      0.22647143     0.019888527      0.03024332        3.401194         3.401194       4.4133762       4.4133762
              5       3.7696794      0.15006766     0.020525778     0.027600854        3.401194         3.401194      0.73697079      0.73697079
              3       5.1183867     0.073557066      0.02101761     0.024987777        3.401194         3.401194       3.4343852       3.4343852
              1       5.1343783     0.094437188     0.021142765     0.025995647        3.401194         3.401194       3.4663685       3.4663685
              9       6.1361184     0.046493288     0.021145642     0.024068465        3.401194         3.401194       5.4698486       5.4698486
              1        4.528368     0.044862412     0.020551684     0.023331088        3.401194         3.401194       2.2543479       2.2543479
              1       5.1097169    -0.033335217     0.019215702     0.019234728        3.401194         3.401194       3.4170457       3.4170457
              4        4.425793    0.0047256869     0.019216555     0.020450727        3.401194         3.401194        2.049198        2.049198
              3        4.022803     0.019343017     0.019646356     0.021405841        3.401194         3.401194       1.2432179       1.2432179
              4       3.8720839     0.066018077        0.019328     0.022701872        3.401194         3.401194      0.94177978      0.94177978
              1       3.6923844      0.14165958     0.019884524     0.026379169        3.401194         3.401194       0.5823807       0.5823807
              5        7.103568     0.055726472      0.02146722     0.024800306        3.401194         3.401194        7.404748        7.404748
              1       5.3920544    0.0061501534     0.020509899     0.021877233        3.401194         3.401194       3.9817207       3.9817207
