#        weight    minuslogpost            logA              ns           ombh2           omch2             tau    theta_MC_100              As              H0   minuslogprior minuslogprior__0            chi2    chi2__TTTEEE
              1       2.7799917       3.0434321       0.9638519     0.022364559      0.12037574      0.05461865        1.041125   2.0977116e-09       67.111041     -0.43275148      -0.43275148       6.4254864       6.4254864
              8       2.3422809       3.0434321       0.9638519     0.022332594      0.11948652     0.055254781       1.0415032   2.0977116e-09       67.521889     -0.43275148      -0.43275148       5.5500648       5.5500648
              2       2.2191826       3.0461274      0.96952206     0.022332594      0.11948652     0.055254781       1.0415032   2.1033731e-09       67.521889     -0.43275148      -0.43275148       5.3038681       5.3038681
              7       1.8593351       3.0440256      0.96419403     0.022332594      0.11948652     0.055254781       1.0415032   2.0989569e-09       67.521889     -0.43275148      -0.43275148       4.5841733       4.5841733
              4       2.0705758       3.0440256      0.96419403     0.022355303      0.11947841     0.055566216       1.0415086   2.0989569e-09       67.545268     -0.43275148      -0.43275148       5.0066545       5.0066545
              3       1.9637275       3.0469963      0.96614783     0.022355303      0.11947841     0.055566216       1.0415086   2.1052014e-09       67.545268     -0.43275148      -0.43275148       4.7929579       4.7929579
              3       1.4365245       3.0469963      0.96614783     0.022384726      0.11960978     0.056709485       1.0416145   2.1052014e-09       67.558912     -0.43275148      -0.43275148       3.7385519       3.7385519
              4      0.68592688       3.0469963      0.96614783      0.02240814      0.11954585     0.056067255       1.0416573   2.1052014e-09       67.615014     -0.43275148      -0.43275148       2.2373567       2.2373567
              5       1.1694924        3.045723      0.96632718      0.02240814      0.11954585     0.056067255       1.0416573   2.1025227e-09       67.615014     -0.43275148      -0.43275148       3.2044878       3.2044878
              6       1.2884104       3.0482188      0.96628434      0.02240814      0.11954585     0.056067255       1.0416573   2.1077766e-09       67.615014     -0.43275148      -0.43275148       3.4423237       3.4423237
              9      0.92353612       3.0482188      0.96628434     0.022416033       0.1195743     0.056150492       1.0416499   2.1077766e-09       67.609105     -0.43275148      -0.43275148       2.7125752       2.7125752
             12      0.66502209       3.0474151      0.96594358     0.022416033       0.1195743     0.056150492       1.0416499   2.1060833e-09       67.609105     -0.43275148      -0.43275148       2.1955471       2.1955471
              8       0.8265976       3.0483618      0.96773918     0.022416033       0.1195743     0.056150492       1.0416499   2.1080782e-09       67.609105     -0.43275148      -0.43275148       2.5186982       2.5186982
              7      0.32968146       3.0483618      0.96773918     0.022437691      0.11970344     0.056218566       1.0416518   2.1080782e-09       67.582363     -0.43275148      -0.43275148       1.5248659       1.5248659
              4       1.3759079       3.0483618      0.96773918     0.022339564      0.11964477     0.056682303       1.0412064   2.1080782e-09       67.372868     -0.43275148      -0.43275148       3.6173188       3.6173188
              1       1.8115088       3.0473198      0.96929625     0.022339564      0.11964477     0.056682303       1.0412064   2.1058828e-09       67.372868     -0.43275148      -0.43275148       4.4885205       4.4885205
              5       2.3332356       3.0473198      0.96929625     0.022303219      0.12000708      0.05621934       1.0417161   2.1058828e-09       67.386407     -0.43275148      -0.43275148       5.5319742       5.5319742
             33       2.2222592       3.0475536      0.96915138     0.022303219      0.12000708      0.05621934       1.0417161   2.1063752e-09       67.386407     -0.43275148      -0.43275148       5.3100213       5.3100213
              8       2.1047006       3.0475536      0.96915138     0.022303913      0.12005858     0.056050683       1.0417138   2.1063752e-09       67.368215     -0.43275148      -0.43275148       5.0749042       5.0749042
              1       5.5123712       3.0475536      0.96915138     0.022372551      0.12053865      0.05645328       1.0417985   2.1063752e-09       67.285988     -0.43275148      -0.43275148       11.890245       11.890245
             13       3.2402323       3.0475536      0.96915138      0.02238418       0.1210349     0.053877919       1.0413649   2.1063752e-09       66.978877     -0.43275148      -0.43275148       7.3459676       7.3459676
              1       1.2174253       3.0469634      0.96630939      0.02238418       0.1210349     0.053877919       1.0413649   2.1051323e-09       66.978877     -0.43275148      -0.43275148       3.3003535       3.3003535
              2       1.3046227       3.0469634      0.96630939      0.02238972      0.12104804     0.053917626        1.041365   2.1051323e-09       66.978935     -0.43275148      -0.43275148       3.4747483       3.4747483
              7       2.0614279       3.0469634      0.96630939     0.022450417      0.12024481     0.055876057       1.0413087   2.1051323e-09       67.288947     -0.43275148      -0.43275148       4.9883588       4.9883588
              1       2.8002181       3.0501251      0.96182647     0.022450417      0.12024481     0.055876057       1.0413087   2.1117986e-09       67.288947     -0.43275148      -0.43275148       6.4659391       6.4659391
              3       7.1876202       3.0501251      0.96182647     0.022594278      0.11912606      0.05712038       1.0419066   2.1117986e-09        68.00063     -0.43275148      -0.43275148       15.240743       15.240743
              4       7.0985416       3.0501537      0.96190727     0.022594278      0.11912606      0.05712038       1.0419066    2.111859e-09        68.00063     -0.43275148      -0.43275148       15.062586       15.062586
              1       7.2228507       3.0501537      0.96190727     0.022588415      0.11907936     0.057129727        1.041901    2.111859e-09       68.010346     -0.43275148      -0.43275148       15.311204       15.311204
             16       2.5399203       3.0503848      0.96854442     0.022588415      0.11907936     0.057129727        1.041901    2.112347e-09       68.010346     -0.43275148      -0.43275148       5.9453436       5.9453436
             10       3.0496081       3.0480817      0.96729935     0.022588415      0.11907936     0.057129727        1.041901   2.1074878e-09       68.010346     -0.43275148      -0.43275148       6.9647191       6.9647191
              2       2.8073847       3.0480817      0.96729935     0.022527185      0.11975633     0.055211553        1.042031   2.1074878e-09        67.76506     -0.43275148      -0.43275148       6.4802723       6.4802723
              6       2.6377017       3.0470749      0.96608162     0.022527185      0.11975633     0.055211553        1.042031    2.105367e-09        67.76506     -0.43275148      -0.43275148       6.1409063       6.1409063
              1       2.3795058       3.0470749      0.96608162     0.022525811      0.11977642     0.055678393        1.041952    2.105367e-09       67.730379     -0.43275148      -0.43275148       5.6245146       5.6245146
              7       2.2413726       3.0470749      0.96608162     0.022525665      0.11927356      0.05602344       1.0419406    2.105367e-09        67.90309     -0.43275148      -0.43275148       5.3482482       5.3482482
              6       2.8870601       3.0458541      0.96601117     0.022525665      0.11927356      0.05602344       1.0419406   2.1027984e-09        67.90309     -0.43275148      -0.43275148       6.6396231       6.6396231
              2       3.2964587       3.0458541      0.96601117     0.022528646        0.119071     0.054971183       1.0419736   2.1027984e-09        67.98806     -0.43275148      -0.43275148       7.4584203       7.4584203
              5       5.2881301       3.0475516      0.96791387     0.022528646        0.119071     0.054971183       1.0419736   2.1063709e-09        67.98806     -0.43275148      -0.43275148       11.441763       11.441763
              2       5.0729519       3.0467011      0.96507439     0.022528646        0.119071     0.054971183       1.0419736   2.1045801e-09        67.98806     -0.43275148      -0.43275148       11.011407       11.011407
              2       5.5242427       3.0477001      0.96837871     0.022528646        0.119071     0.054971183       1.0419736   2.1066838e-09        67.98806     -0.43275148      -0.43275148       11.913988       11.913988
              1       3.7210514       3.0468562      0.96939943     0.022528646        0.119071     0.054971183       1.0419736   2.1049065e-09        67.98806     -0.43275148      -0.43275148       8.3076057       8.3076057
              8       4.0309113       3.0468562      0.96939943     0.022506643       0.1190263     0.055132898       1.0419991   2.1049065e-09       67.994145     -0.43275148      -0.43275148       8.9273255       8.9273255
              5       2.3773746       3.0468562      0.96939943     0.022419704      0.11892339     0.057208721       1.0412594   2.1049065e-09       67.710579     -0.43275148      -0.43275148       5.6202522       5.6202522
             12       2.2653934       3.0468661      0.96867507     0.022419704      0.11892339     0.057208721       1.0412594   2.1049275e-09       67.710579     -0.43275148      -0.43275148       5.3962898       5.3962898
              2       2.2650946       3.0468739      0.96871792     0.022419704      0.11892339     0.057208721       1.0412594    2.104944e-09       67.710579     -0.43275148      -0.43275148       5.3956921       5.3956921
             18        2.286563       3.0467802      0.96823483     0.022419704      0.11892339     0.057208721       1.0412594   2.1047466e-09       67.710579     -0.43275148      -0.43275148        5.438629        5.438629
              8       3.3927785       3.0475929      0.97206096     0.022419704      0.11892339     0.057208721       1.0412594    2.106458e-09       67.710579     -0.43275148      -0.43275148         7.65106         7.65106
              2       3.2287738       3.0475929      0.97206096      0.02241572      0.12003998     0.056151319       1.0415105    2.106458e-09       67.399164     -0.43275148      -0.43275148       7.3230506       7.3230506
              1       2.1925152       3.0476292      0.97096468      0.02241572      0.12003998     0.056151319       1.0415105   2.1065343e-09       67.399164     -0.43275148      -0.43275148       5.2505333       5.2505333
             17       2.7025108       3.0476292      0.97096468      0.02247031      0.12003374     0.054655621       1.0414904   2.1065343e-09       67.439796     -0.43275148      -0.43275148       6.2705245       6.2705245
              4       1.4494107       3.0468535      0.97008166      0.02247031      0.12003374     0.054655621       1.0414904    2.104901e-09       67.439796     -0.43275148      -0.43275148       3.7643244       3.7643244
              1       1.9147512       3.0468535      0.97008166     0.022505222      0.11999204     0.055312286       1.0414986    2.104901e-09        67.48599     -0.43275148      -0.43275148       4.6950053       4.6950053
              5      0.54064275       3.0476593      0.96619383     0.022505222      0.11999204     0.055312286       1.0414986   2.1065978e-09        67.48599     -0.43275148      -0.43275148       1.9467885       1.9467885
             15      0.17008305       3.0476593      0.96619383     0.022468987      0.11983458     0.055458118       1.0414628   2.1065978e-09       67.499045     -0.43275148      -0.43275148       1.2056691       1.2056691
              9     0.072317876       3.0471495      0.96590237     0.022468987      0.11983458     0.055458118       1.0414628   2.1055241e-09       67.499045     -0.43275148      -0.43275148       1.0101387       1.0101387
              2       1.0340751       3.0485322      0.96536983     0.022468987      0.11983458     0.055458118       1.0414628   2.1084374e-09       67.499045     -0.43275148      -0.43275148       2.9336531       2.9336531
              2       1.0221987       3.0487138      0.96725559     0.022468987      0.11983458     0.055458118       1.0414628   2.1088203e-09       67.499045     -0.43275148      -0.43275148       2.9099003       2.9099003
              8      0.79153183       3.0487138      0.96725559     0.022505721      0.11968441     0.055768669       1.0416323   2.1088203e-09       67.638823     -0.43275148      -0.43275148       2.4485666       2.4485666
              3       1.1814454        3.048557       0.9699061     0.022505721      0.11968441     0.055768669       1.0416323   2.1084896e-09       67.638823     -0.43275148      -0.43275148       3.2283937       3.2283937
              1      0.89784664       3.0480364      0.96978291     0.022505721      0.11968441     0.055768669       1.0416323   2.1073923e-09       67.638823     -0.43275148      -0.43275148       2.6611962       2.6611962
              2      0.48747977       3.0471102      0.96802489     0.022505721      0.11968441     0.055768669       1.0416323   2.1054414e-09       67.638823     -0.43275148      -0.43275148       1.8404625       1.8404625
             12      0.82434456       3.0482725      0.96557557     0.022505721      0.11968441     0.055768669       1.0416323   2.1078899e-09       67.638823     -0.43275148      -0.43275148       2.5141921       2.5141921
             11       1.2623929       3.0482725      0.96557557     0.022525876      0.11973496     0.056274946       1.0416585   2.1078899e-09        67.64661     -0.43275148      -0.43275148       3.3902888       3.3902888
             13       1.5374411       3.0482725      0.96557557     0.022529847      0.11979838     0.056319006       1.0416489   2.1078899e-09       67.624475     -0.43275148      -0.43275148       3.9403852       3.9403852
              9       1.1098802       3.0485979       0.9673128     0.022529847      0.11979838     0.056319006       1.0416489    2.108576e-09       67.624475     -0.43275148      -0.43275148       3.0852633       3.0852633
              1       1.0963141       3.0486782      0.96774224     0.022529847      0.11979838     0.056319006       1.0416489   2.1087453e-09       67.624475     -0.43275148      -0.43275148       3.0581311       3.0581311
              5        1.183644        3.049991      0.96667161     0.022529847      0.11979838     0.056319006       1.0416489   2.1115154e-09       67.624475     -0.43275148      -0.43275148        3.232791        3.232791
              9       1.2253452        3.049991      0.96667161     0.022469501      0.12003042     0.056095478       1.0417534   2.1115154e-09       67.528311     -0.43275148      -0.43275148       3.3161934       3.3161934
              5       1.6499067       3.0503616      0.96609392     0.022469501      0.12003042     0.056095478       1.0417534   2.1122981e-09       67.528311     -0.43275148      -0.43275148       4.1653164       4.1653164
              4       1.3695608       3.0503616      0.96609392      0.02249605      0.12020059     0.056026398       1.0416865   2.1122981e-09       67.468523     -0.43275148      -0.43275148       3.6046245       3.6046245
              4       1.4231279       3.0489239      0.96502925      0.02249605      0.12020059     0.056026398       1.0416865   2.1092635e-09       67.468523     -0.43275148      -0.43275148       3.7117588       3.7117588
              3       1.5321032       3.0488476      0.96821436      0.02249605      0.12020059     0.056026398       1.0416865   2.1091026e-09       67.468523     -0.43275148      -0.43275148       3.9297093       3.9297093
             16        1.979072       3.0488476      0.96821436     0.022280643      0.12063074     0.055874817       1.0416555   2.1091026e-09       67.130268     -0.43275148      -0.43275148        4.823647        4.823647
              2       1.9842737       3.0487646      0.96825319     0.022280643      0.12063074     0.055874817       1.0416555   2.1089275e-09       67.130268     -0.43275148      -0.43275148       4.8340504       4.8340504
             11       2.0079159       3.0487646      0.96825319     0.022288339      0.12079845     0.055336087       1.0416329   2.1089275e-09       67.070902     -0.43275148      -0.43275148       4.8813347       4.8813347
              8       1.2143743       3.0487646      0.96825319     0.022306551      0.12072928     0.055513686       1.0414793   2.1089275e-09       67.058661     -0.43275148      -0.43275148       3.2942515       3.2942515
              3       1.2041406       3.0487646      0.96825319     0.022305036      0.12069885     0.055796299       1.0414771   2.1089275e-09       67.067243     -0.43275148      -0.43275148       3.2737841       3.2737841
              8       2.5229331       3.0487646      0.96825319     0.022334925      0.12079267     0.056306282       1.0414783   2.1089275e-09       67.059808     -0.43275148      -0.43275148       5.9113692       5.9113692
              1       1.8116917       3.0486838      0.96362598     0.022334925      0.12079267     0.056306282       1.0414783   2.1087571e-09       67.059808     -0.43275148      -0.43275148       4.4888864       4.4888864
              9       2.5838455       3.0523041      0.96337314     0.022334925      0.12079267     0.056306282       1.0414783   2.1164052e-09       67.059808     -0.43275148      -0.43275148        6.033194        6.033194
              2       2.5148371       3.0523041      0.96337314     0.022335465      0.12079257     0.056329174       1.0414751   2.1164052e-09       67.059206     -0.43275148      -0.43275148       5.8951772       5.8951772
              3       3.6672509       3.0523041      0.96337314     0.022314019      0.12080886     0.056042306       1.0414746   2.1164052e-09         67.0357     -0.43275148      -0.43275148       8.2000048       8.2000048
              8       1.6279134       3.0506633      0.96790716     0.022314019      0.12080886     0.056042306       1.0414746   2.1129355e-09         67.0357     -0.43275148      -0.43275148       4.1213297       4.1213297
              1       2.2652763       3.0509475      0.96191117     0.022314019      0.12080886     0.056042306       1.0414746   2.1135361e-09         67.0357     -0.43275148      -0.43275148       5.3960556       5.3960556
              2      0.78557327       3.0496061       0.9636206     0.022314019      0.12080886     0.056042306       1.0414746   2.1107028e-09         67.0357     -0.43275148      -0.43275148       2.4366495       2.4366495
              2       1.9174417       3.0496061       0.9636206      0.02232303      0.12106796     0.056366597       1.0412821   2.1107028e-09       66.889292     -0.43275148      -0.43275148       4.7003863       4.7003863
              6       1.8502331       3.0496061       0.9636206     0.022319575      0.12108502     0.056330506       1.0412848   2.1107028e-09       66.881466     -0.43275148      -0.43275148       4.5659691       4.5659691
              2       1.5331446       3.0516252      0.96612066     0.022319575      0.12108502     0.056330506       1.0412848   2.1149689e-09       66.881466     -0.43275148      -0.43275148       3.9317921       3.9317921
              4       1.8930882       3.0496088      0.96500668     0.022319575      0.12108502     0.056330506       1.0412848   2.1107085e-09       66.881466     -0.43275148      -0.43275148       4.6516794       4.6516794
             11       1.2683929       3.0496088      0.96500668     0.022311605      0.12048378     0.057046117       1.0412657   2.1107085e-09       67.076778     -0.43275148      -0.43275148       3.4022888       3.4022888
              5      0.94827072       3.0496088      0.96500668     0.022312597      0.12044176     0.056915529       1.0412616   2.1107085e-09       67.090816     -0.43275148      -0.43275148       2.7620444       2.7620444
              1      0.98956506       3.0496088      0.96500668     0.022313707      0.12039957     0.056958433       1.0412434   2.1107085e-09        67.10033     -0.43275148      -0.43275148       2.8446331       2.8446331
              2      0.85159887        3.050294      0.96511769     0.022313707      0.12039957     0.056958433       1.0412434   2.1121554e-09        67.10033     -0.43275148      -0.43275148       2.5687007       2.5687007
             11       1.0640889       3.0502111       0.9671666     0.022313707      0.12039957     0.056958433       1.0412434   2.1119802e-09        67.10033     -0.43275148      -0.43275148       2.9936807       2.9936807
              3       2.8115328       3.0502111       0.9671666     0.022312564      0.11995469     0.058286267       1.0412475   2.1119802e-09       67.255838     -0.43275148      -0.43275148       6.4885687       6.4885687
              5       4.0647514       3.0519225       0.9712603     0.022312564      0.11995469     0.058286267       1.0412475   2.1155979e-09       67.255838     -0.43275148      -0.43275148       8.9950058       8.9950058
              1       4.2187056       3.0539736      0.96643854     0.022312564      0.11995469     0.058286267       1.0412475   2.1199415e-09       67.255838     -0.43275148      -0.43275148       9.3029141       9.3029141
              1       5.4049653       3.0539736      0.96643854      0.02230904      0.11988039     0.058110871       1.0412457   2.1199415e-09       67.278303     -0.43275148      -0.43275148       11.675434       11.675434
              1       5.0681906       3.0539736      0.96643854     0.022368053      0.11982083     0.058702158       1.0409206   2.1199415e-09         67.2392     -0.43275148      -0.43275148       11.001884       11.001884
              5       7.3584037       3.0551972      0.96852045     0.022368053      0.11982083     0.058702158       1.0409206    2.122537e-09         67.2392     -0.43275148      -0.43275148        15.58231        15.58231
              6       7.5640456       3.0550135      0.96346855     0.022368053      0.11982083     0.058702158       1.0409206   2.1221473e-09         67.2392     -0.43275148      -0.43275148       15.993594       15.993594
              1       7.4337341       3.0553504      0.96579198     0.022368053      0.11982083     0.058702158       1.0409206   2.1228622e-09         67.2392     -0.43275148      -0.43275148       15.732971       15.732971
             11       4.3038185       3.0527031        0.967327     0.022368053      0.11982083     0.058702158       1.0409206   2.1172498e-09         67.2392     -0.43275148      -0.43275148       9.4731399       9.4731399
              6       4.1833795        3.052477      0.96641816     0.022368053      0.11982083     0.058702158       1.0409206   2.1167713e-09         67.2392     -0.43275148      -0.43275148        9.232262        9.232262
              1       4.6892482        3.052477      0.96641816     0.022354742      0.11956087      0.05913585       1.0409455   2.1167713e-09       67.327587     -0.43275148      -0.43275148       10.243999       10.243999
              4       6.3516951       3.0512658      0.96307599     0.022354742      0.11956087      0.05913585       1.0409455   2.1142089e-09       67.327587     -0.43275148      -0.43275148       13.568893       13.568893
              6       5.9824164       3.0512658      0.96307599     0.022342906      0.12014607      0.05832298       1.0407701   2.1142089e-09       67.054688     -0.43275148      -0.43275148       12.830336       12.830336
              1       5.8941005       3.0512811       0.9632869     0.022342906      0.12014607      0.05832298       1.0407701   2.1142412e-09       67.054688     -0.43275148      -0.43275148       12.653704       12.653704
              1       5.8379931       3.0512811       0.9632869     0.022387135      0.12004198     0.057454393       1.0407314   2.1142412e-09       67.114525     -0.43275148      -0.43275148       12.541489       12.541489
              3       5.7906072       3.0498512      0.96370044     0.022387135      0.12004198     0.057454393       1.0407314   2.1112202e-09       67.114525     -0.43275148      -0.43275148       12.446717       12.446717
             13       5.5035802       3.0501512      0.96626381     0.022387135      0.12004198     0.057454393       1.0407314   2.1118537e-09       67.114525     -0.43275148      -0.43275148       11.872663       11.872663
              2        5.772866       3.0501512      0.96626381     0.022397472      0.12013945     0.057418062       1.0407368   2.1118537e-09       67.090861     -0.43275148      -0.43275148       12.411235       12.411235
              3       5.7271377       3.0502338      0.96629802     0.022397472      0.12013945     0.057418062       1.0407368   2.1120282e-09       67.090861     -0.43275148      -0.43275148       12.319778       12.319778
              4       5.5980888       3.0502338      0.96629802     0.022394153      0.12013972     0.057363595       1.0407342   2.1120282e-09       67.087151     -0.43275148      -0.43275148       12.061681       12.061681
              4       5.0955278       3.0502338      0.96629802     0.022393406      0.12029219     0.057088207       1.0407657   2.1120282e-09        67.04397     -0.43275148      -0.43275148       11.056559       11.056559
              9       5.4056165       3.0494926      0.96479686     0.022393406      0.12029219     0.057088207       1.0407657   2.1104634e-09        67.04397     -0.43275148      -0.43275148       11.676736       11.676736
              4       7.3253805       3.0494926      0.96479686     0.022548992      0.11935774     0.055394525       1.0411381   2.1104634e-09       67.623779     -0.43275148      -0.43275148       15.516264       15.516264
              2       4.1123495       3.0480871      0.96596337     0.022548992      0.11935774     0.055394525       1.0411381   2.1074991e-09       67.623779     -0.43275148      -0.43275148        9.090202        9.090202
              2       4.1889339       3.0478433      0.96478862     0.022548992      0.11935774     0.055394525       1.0411381   2.1069854e-09       67.623779     -0.43275148      -0.43275148       9.2433708       9.2433708
              3       2.2748736       3.0478433      0.96478862     0.022271647      0.12016074      0.05616219        1.040928   2.1069854e-09       67.043572     -0.43275148      -0.43275148       5.4152501       5.4152501
              2       2.5339231       3.0484071      0.96492454     0.022271647      0.12016074      0.05616219        1.040928   2.1081736e-09       67.043572     -0.43275148      -0.43275148       5.9333491       5.9333491
              1       3.2298587       3.0484071      0.96492454     0.022284277      0.12012952     0.055719902       1.0409188   2.1081736e-09       67.061788     -0.43275148      -0.43275148       7.3252203       7.3252203
              6       5.0882064       3.0484071      0.96492454     0.022340286      0.12062085     0.056558905         1.04078   2.1081736e-09       66.890822     -0.43275148      -0.43275148       11.041916       11.041916
              4       5.5049885       3.0495691       0.9683059     0.022340286      0.12062085     0.056558905         1.04078   2.1106247e-09       66.890822     -0.43275148      -0.43275148        11.87548        11.87548
              1       5.6038426       3.0495691       0.9683059     0.022347764      0.12027363     0.057731293       1.0409295   2.1106247e-09       67.067468     -0.43275148      -0.43275148       12.073188       12.073188
              3        6.352174       3.0515622      0.97134721     0.022347764      0.12027363     0.057731293       1.0409295   2.1148356e-09       67.067468     -0.43275148      -0.43275148       13.569851       13.569851
              3       6.6880189       3.0515622      0.97134721     0.022387215      0.12035443     0.056678604       1.0409475   2.1148356e-09       67.077915     -0.43275148      -0.43275148       14.241541       14.241541
             11       3.1446893       3.0512563      0.96620478     0.022387215      0.12035443     0.056678604       1.0409475   2.1141889e-09       67.077915     -0.43275148      -0.43275148       7.1548815       7.1548815
              1       3.0227443       3.0512563      0.96620478       0.0223208       0.1208107     0.055552052       1.0412441   2.1141889e-09        66.96375     -0.43275148      -0.43275148       6.9109916       6.9109916
              1       3.6540406       3.0512563      0.96620478     0.022348992      0.12065001     0.055471473       1.0412327   2.1141889e-09       67.038909     -0.43275148      -0.43275148       8.1735841       8.1735841
              7       1.9676163       3.0498277      0.96210338     0.022348992      0.12065001     0.055471473       1.0412327   2.1111706e-09       67.038909     -0.43275148      -0.43275148       4.8007356       4.8007356
              1       1.5803176       3.0498277      0.96210338     0.022355293      0.12058121     0.055864525       1.0412178   2.1111706e-09       67.063008     -0.43275148      -0.43275148       4.0261381       4.0261381
              2       3.0223894       3.0498277      0.96210338      0.02223418      0.12042334     0.056461549       1.0411996   2.1111706e-09       67.011904     -0.43275148      -0.43275148       6.9102817       6.9102817
              6       1.9468325       3.0494859       0.9672409      0.02223418      0.12042334     0.056461549       1.0411996   2.1104491e-09       67.011904     -0.43275148      -0.43275148        4.759168        4.759168
             10       2.5871231       3.0496127      0.96853438      0.02223418      0.12042334     0.056461549       1.0411996   2.1107168e-09       67.011904     -0.43275148      -0.43275148       6.0397491       6.0397491
              3       4.3505801       3.0484932      0.97111125      0.02223418      0.12042334     0.056461549       1.0411996   2.1083553e-09       67.011904     -0.43275148      -0.43275148       9.5666632       9.5666632
              4       8.1761016       3.0484932      0.97111125     0.022205953      0.12052446     0.054914355        1.041022   2.1083553e-09       66.894322     -0.43275148      -0.43275148       17.217706       17.217706
              2        3.275607       3.0475827      0.96381414     0.022205953      0.12052446     0.054914355        1.041022   2.1064364e-09       66.894322     -0.43275148      -0.43275148        7.416717        7.416717
              4       1.8776897       3.0475827      0.96381414     0.022185686      0.12080332      0.05505962       1.0411297   2.1064364e-09       66.816843     -0.43275148      -0.43275148       4.6208823       4.6208823
              6       3.0715755       3.0485654      0.96413364     0.022185686      0.12080332      0.05505962       1.0411297   2.1085073e-09       66.816843     -0.43275148      -0.43275148       7.0086539       7.0086539
              1       2.5384355       3.0485654      0.96413364     0.022159781      0.12098484     0.055253658       1.0411475   2.1085073e-09       66.738668     -0.43275148      -0.43275148        5.942374        5.942374
              1       1.1564791       3.0485654      0.96413364     0.022236207      0.12126084     0.055386386       1.0411357   2.1085073e-09       66.702387     -0.43275148      -0.43275148       3.1784611       3.1784611
              5       1.1600088       3.0491367       0.9631658     0.022236207      0.12126084     0.055386386       1.0411357   2.1097124e-09       66.702387     -0.43275148      -0.43275148       3.1855205       3.1855205
              4       2.5685937       3.0504233      0.96620409     0.022236207      0.12126084     0.055386386       1.0411357   2.1124285e-09       66.702387     -0.43275148      -0.43275148       6.0026904       6.0026904
              7       2.4813927        3.050452      0.96590377     0.022236207      0.12126084     0.055386386       1.0411357   2.1124891e-09       66.702387     -0.43275148      -0.43275148       5.8282883       5.8282883
              5       2.0886164        3.050452      0.96590377     0.022272659      0.12141385     0.055385062       1.0411768   2.1124891e-09       66.693432     -0.43275148      -0.43275148       5.0427358       5.0427358
              2       1.8642593        3.050452      0.96590377      0.02227811      0.12135722      0.05541864       1.0412203   2.1124891e-09       66.731889     -0.43275148      -0.43275148       4.5940216       4.5940216
              7       1.8846323        3.050452      0.96590377     0.022282656      0.12129041     0.055377777       1.0412042   2.1124891e-09       66.753297     -0.43275148      -0.43275148       4.6347676       4.6347676
              2       1.4974394       3.0504521      0.96403397     0.022282656      0.12129041     0.055377777       1.0412042   2.1124894e-09       66.753297     -0.43275148      -0.43275148       3.8603817       3.8603817
              3       1.7837996       3.0504521      0.96403397     0.022275621      0.12144058     0.055993231       1.0411811   2.1124894e-09       66.688099     -0.43275148      -0.43275148       4.4331021       4.4331021
              1        2.337395       3.0504521      0.96403397      0.02225032      0.12157116     0.054878201       1.0412157   2.1124894e-09       66.633861     -0.43275148      -0.43275148        5.540293        5.540293
              2       2.2621832        3.050422      0.96356771      0.02225032      0.12157116     0.054878201       1.0412157   2.1124256e-09       66.633861     -0.43275148      -0.43275148       5.3898693       5.3898693
              6       2.3394941       3.0504869      0.96355088      0.02225032      0.12157116     0.054878201       1.0412157   2.1125629e-09       66.633861     -0.43275148      -0.43275148       5.5444911       5.5444911
             12       3.2478577       3.0497015      0.96750996      0.02225032      0.12157116     0.054878201       1.0412157   2.1109042e-09       66.633861     -0.43275148      -0.43275148       7.3612183       7.3612183
              7       2.0350648       3.0487318       0.9659054      0.02225032      0.12157116     0.054878201       1.0412157   2.1088582e-09       66.633861     -0.43275148      -0.43275148       4.9356325       4.9356325
              5       2.1964433       3.0503561      0.96373664      0.02225032      0.12157116     0.054878201       1.0412157   2.1122864e-09       66.633861     -0.43275148      -0.43275148       5.2583896       5.2583896
              3       3.4902683       3.0471463      0.96636533      0.02225032      0.12157116     0.054878201       1.0412157   2.1055173e-09       66.633861     -0.43275148      -0.43275148       7.8460396       7.8460396
              2       3.5634752       3.0471463      0.96636533     0.022251199      0.12157429     0.054890848       1.0412157   2.1055173e-09       66.633532     -0.43275148      -0.43275148       7.9924533       7.9924533
              3       4.7161944       3.0459596      0.96406153     0.022251199      0.12157429     0.054890848       1.0412157   2.1030203e-09       66.633532     -0.43275148      -0.43275148       10.297892       10.297892
              1        2.690446       3.0470713      0.96177105     0.022251199      0.12157429     0.054890848       1.0412157   2.1053595e-09       66.633532     -0.43275148      -0.43275148       6.2463949       6.2463949
             10       1.4692059       3.0470713      0.96177105     0.022220265      0.12145728     0.053901293        1.041337   2.1053595e-09       66.688634     -0.43275148      -0.43275148       3.8039148       3.8039148
              2       1.0092089       3.0462026      0.96352172     0.022220265      0.12145728     0.053901293        1.041337   2.1035314e-09       66.688634     -0.43275148      -0.43275148       2.8839207       2.8839207
              2       1.0647072       3.0459613      0.96304272     0.022220265      0.12145728     0.053901293        1.041337   2.1030238e-09       66.688634     -0.43275148      -0.43275148       2.9949174       2.9949174
              1      0.48867722       3.0459613      0.96304272     0.022374717      0.12015112     0.054700069        1.041448   2.1030238e-09       67.305581     -0.43275148      -0.43275148       1.8428574       1.8428574
              5      0.24609209       3.0453278      0.96340795     0.022374717      0.12015112     0.054700069        1.041448   2.1016918e-09       67.305581     -0.43275148      -0.43275148       1.3576871       1.3576871
              7      0.24401065       3.0453278      0.96340795     0.022373781      0.12015688     0.054699344       1.0414484   2.1016918e-09       67.302904     -0.43275148      -0.43275148       1.3535242       1.3535242
              7       1.3605642       3.0444841      0.96214203     0.022373781      0.12015688     0.054699344       1.0414484   2.0999195e-09       67.302904     -0.43275148      -0.43275148       3.5866314       3.5866314
              7       1.2571857       3.0444841      0.96214203     0.022363944      0.12036565     0.054547897       1.0414022   2.0999195e-09        67.20662     -0.43275148      -0.43275148       3.3798744       3.3798744
              3      0.82862228       3.0458963      0.96195172     0.022363944      0.12036565     0.054547897       1.0414022   2.1028871e-09        67.20662     -0.43275148      -0.43275148       2.5227475       2.5227475
              1      0.53900858       3.0471385      0.96742841     0.022363944      0.12036565     0.054547897       1.0414022   2.1055009e-09        67.20662     -0.43275148      -0.43275148       1.9435201       1.9435201
              5      0.37402017       3.0471385      0.96742841     0.022361616       0.1203872     0.054637601       1.0414079   2.1055009e-09       67.199097     -0.43275148      -0.43275148       1.6135433       1.6135433
              2      0.35824831       3.0471271      0.96740607     0.022361616       0.1203872     0.054637601       1.0414079   2.1054769e-09       67.199097     -0.43275148      -0.43275148       1.5819996       1.5819996
             23      0.63125662       3.0471271      0.96740607      0.02240304      0.11998265     0.054809135       1.0413734   2.1054769e-09       67.362838     -0.43275148      -0.43275148       2.1280162       2.1280162
              7      0.50048484        3.046959      0.96521413      0.02240304      0.11998265     0.054809135       1.0413734   2.1051229e-09       67.362838     -0.43275148      -0.43275148       1.8664726       1.8664726
              3    -0.049793723       3.0447978      0.96691573      0.02240304      0.11998265     0.054809135       1.0413734   2.1005783e-09       67.362838     -0.43275148      -0.43275148      0.76591551      0.76591551
              7    -0.041466269       3.0457715      0.96449776      0.02240304      0.11998265     0.054809135       1.0413734   2.1026246e-09       67.362838     -0.43275148      -0.43275148      0.78257042      0.78257042
              3       1.5794021       3.0457715      0.96449776      0.02249608      0.12005616      0.05379218       1.0417207   2.1026246e-09       67.530375     -0.43275148      -0.43275148       4.0243072       4.0243072
              1      0.87802988       3.0452744      0.96588056      0.02249608      0.12005616      0.05379218       1.0417207   2.1015796e-09       67.530375     -0.43275148      -0.43275148       2.6215627       2.6215627
              5      0.95062051       3.0446039      0.96491646      0.02249608      0.12005616      0.05379218       1.0417207   2.1001711e-09       67.530375     -0.43275148      -0.43275148        2.766744        2.766744
              2       1.1045978       3.0457275      0.96639678      0.02249608      0.12005616      0.05379218       1.0417207   2.1025322e-09       67.530375     -0.43275148      -0.43275148       3.0746985       3.0746985
              5       1.4657989       3.0436138      0.96454693      0.02249608      0.12005616      0.05379218       1.0417207   2.0980927e-09       67.530375     -0.43275148      -0.43275148       3.7971007       3.7971007
              5       3.2896932       3.0443391      0.96123161      0.02249608      0.12005616      0.05379218       1.0417207   2.0996151e-09       67.530375     -0.43275148      -0.43275148       7.4448894       7.4448894
              5       1.2252052       3.0458786      0.96650801      0.02249608      0.12005616      0.05379218       1.0417207     2.10285e-09       67.530375     -0.43275148      -0.43275148       3.3159133       3.3159133
              5      0.77906806       3.0442424      0.96668833      0.02249608      0.12005616      0.05379218       1.0417207    2.099412e-09       67.530375     -0.43275148      -0.43275148       2.4236391       2.4236391
              2       1.1170581       3.0442424      0.96668833     0.022497667      0.11988349     0.053150397       1.0415933    2.099412e-09       67.549379     -0.43275148      -0.43275148       3.0996192       3.0996192
              4       1.0746951       3.0438263      0.96485588     0.022497667      0.11988349     0.053150397       1.0415933   2.0985386e-09       67.549379     -0.43275148      -0.43275148       3.0148932       3.0148932
              8      0.57128173       3.0434328      0.96707334     0.022497667      0.11988349     0.053150397       1.0415933   2.0977131e-09       67.549379     -0.43275148      -0.43275148       2.0080664       2.0080664
              4       1.1813493       3.0415218      0.96639444     0.022497667      0.11988349     0.053150397       1.0415933    2.093708e-09       67.549379     -0.43275148      -0.43275148       3.2282016       3.2282016
              6       1.0292745       3.0417077      0.96584082     0.022497667      0.11988349     0.053150397       1.0415933   2.0940974e-09       67.549379     -0.43275148      -0.43275148       2.9240519       2.9240519
              4       1.0237213        3.041716      0.96582357     0.022497667      0.11988349     0.053150397       1.0415933   2.0941148e-09       67.549379     -0.43275148      -0.43275148       2.9129455       2.9129455
              9       0.9982059        3.041756      0.96574454     0.022497667      0.11988349     0.053150397       1.0415933   2.0941985e-09       67.549379     -0.43275148      -0.43275148       2.8619147       2.8619147
              7      0.82422405       3.0419217       0.9665778     0.022497667      0.11988349     0.053150397       1.0415933   2.0945456e-09       67.549379     -0.43275148      -0.43275148       2.5139511       2.5139511
              5       1.0698432       3.0420427      0.96454809     0.022497667      0.11988349     0.053150397       1.0415933    2.094799e-09       67.549379     -0.43275148      -0.43275148       3.0051893       3.0051893
              3      0.96605782       3.0420427      0.96454809     0.022435196      0.12004493     0.052915903       1.0417354    2.094799e-09       67.488794     -0.43275148      -0.43275148       2.7976186       2.7976186
              7      0.63957473       3.0422916      0.96579955     0.022435196      0.12004493     0.052915903       1.0417354   2.0953204e-09       67.488794     -0.43275148      -0.43275148       2.1446524       2.1446524
              7       1.3152204       3.0422916      0.96579955     0.022458003      0.11946316     0.052948181       1.0413736   2.0953204e-09       67.590312     -0.43275148      -0.43275148       3.4959437       3.4959437
              1       1.0835859       3.0422916      0.96579955     0.022533803      0.11963605     0.052927408       1.0416578   2.0953204e-09       67.687613     -0.43275148      -0.43275148       3.0326748       3.0326748
              6       1.2590762       3.0422916      0.96579955     0.022547576      0.11959859     0.053406162       1.0416469   2.0953204e-09       67.708522     -0.43275148      -0.43275148       3.3836553       3.3836553
              2       3.5432841       3.0430851       0.9617991     0.022547576      0.11959859     0.053406162       1.0416469   2.0969838e-09       67.708522     -0.43275148      -0.43275148       7.9520712       7.9520712
              1       3.3269667       3.0441036      0.96260726     0.022547576      0.11959859     0.053406162       1.0416469   2.0991207e-09       67.708522     -0.43275148      -0.43275148       7.5194364       7.5194364
              3       3.0914665       3.0441454      0.96293623     0.022547576      0.11959859     0.053406162       1.0416469   2.0992083e-09       67.708522     -0.43275148      -0.43275148        7.048436        7.048436
              1       2.3997486       3.0415932      0.96423161     0.022547576      0.11959859     0.053406162       1.0416469   2.0938576e-09       67.708522     -0.43275148      -0.43275148       5.6650001       5.6650001
             24       1.9006803       3.0415932      0.96423161     0.022546396      0.11951644     0.053083338       1.0416496   2.0938576e-09       67.737291     -0.43275148      -0.43275148       4.6668635       4.6668635
              4       2.6726652       3.0424221      0.96302313     0.022546396      0.11951644     0.053083338       1.0416496   2.0955938e-09       67.737291     -0.43275148      -0.43275148       6.2108333       6.2108333
             12       2.1008111       3.0427955      0.96406718     0.022546396      0.11951644     0.053083338       1.0416496   2.0963766e-09       67.737291     -0.43275148      -0.43275148       5.0671251       5.0671251
              4       1.3139263       3.0427955      0.96406718     0.022473227      0.11955696     0.054349907       1.0414718   2.0963766e-09       67.602861     -0.43275148      -0.43275148       3.4933555       3.4933555
              2       2.5072176        3.041499      0.96616085     0.022473227      0.11955696     0.054349907       1.0414718   2.0936604e-09       67.602861     -0.43275148      -0.43275148       5.8799381       5.8799381
              4       2.2075354        3.041499      0.96616085     0.022485667      0.11949814     0.054231729       1.0413914   2.0936604e-09       67.606877     -0.43275148      -0.43275148       5.2805737       5.2805737
              9       2.2934643        3.041499      0.96616085     0.022485453       0.1194995     0.054257017       1.0413911   2.0936604e-09       67.606144     -0.43275148      -0.43275148       5.4524316       5.4524316
              3       1.8938207       3.0419486      0.96878994     0.022485453       0.1194995     0.054257017       1.0413911   2.0946018e-09       67.606144     -0.43275148      -0.43275148       4.6531444       4.6531444
              1        1.831718       3.0455592      0.96979857     0.022485453       0.1194995     0.054257017       1.0413911   2.1021782e-09       67.606144     -0.43275148      -0.43275148        4.528939        4.528939
             19       0.6032183       3.0455592      0.96979857     0.022454146      0.11947511     0.055288645       1.0413955   2.1021782e-09       67.590275     -0.43275148      -0.43275148       2.0719396       2.0719396
              6      0.56551815       3.0454636      0.96969315     0.022454146      0.11947511     0.055288645       1.0413955   2.1019774e-09       67.590275     -0.43275148      -0.43275148       1.9965393       1.9965393
              4      0.91714108       3.0455709      0.97041378     0.022454146      0.11947511     0.055288645       1.0413955    2.102203e-09       67.590275     -0.43275148      -0.43275148       2.6997851       2.6997851
              1       1.2029599       3.0454369      0.97085669     0.022454146      0.11947511     0.055288645       1.0413955   2.1019212e-09       67.590275     -0.43275148      -0.43275148       3.2714227       3.2714227
              1       1.3038676       3.0454369      0.97085669     0.022459122      0.11935816      0.05550437       1.0413752   2.1019212e-09       67.628676     -0.43275148      -0.43275148       3.4732383       3.4732383
              4       1.1948751       3.0450708      0.97041345     0.022459122      0.11935816      0.05550437       1.0413752   2.1011519e-09       67.628676     -0.43275148      -0.43275148       3.2552532       3.2552532
              3      0.79370277       3.0466536      0.96915234     0.022459122      0.11935816      0.05550437       1.0413752   2.1044801e-09       67.628676     -0.43275148      -0.43275148       2.4529085       2.4529085
              4      0.56710057       3.0466536      0.96915234     0.022445075      0.11928076     0.056048353       1.0414061   2.1044801e-09       67.654637     -0.43275148      -0.43275148       1.9997041       1.9997041
              8       1.2918783       3.0454378      0.96516407     0.022445075      0.11928076     0.056048353       1.0414061   2.1019231e-09       67.654637     -0.43275148      -0.43275148       3.4492595       3.4492595
              1       1.1907582       3.0454378      0.96516407     0.022445265      0.11928524     0.055984259       1.0414017   2.1019231e-09       67.651748     -0.43275148      -0.43275148       3.2470194       3.2470194
              5      0.63999667       3.0469126      0.96907766     0.022445265      0.11928524     0.055984259       1.0414017   2.1050254e-09       67.651748     -0.43275148      -0.43275148       2.1454963       2.1454963
              1      0.42122771        3.046529      0.96844356     0.022445265      0.11928524     0.055984259       1.0414017   2.1042179e-09       67.651748     -0.43275148      -0.43275148       1.7079584       1.7079584
              3      0.51372692        3.046529      0.96844356     0.022434916       0.1193878     0.056214004       1.0413839   2.1042179e-09       67.601169     -0.43275148      -0.43275148       1.8929568       1.8929568
             19        0.497136       3.0464421      0.96809787     0.022434916       0.1193878     0.056214004       1.0413839   2.1040353e-09       67.601169     -0.43275148      -0.43275148        1.859775        1.859775
              6      0.61027065       3.0475372      0.96882647     0.022434916       0.1193878     0.056214004       1.0413839   2.1063407e-09       67.601169     -0.43275148      -0.43275148       2.0860443       2.0860443
             10      0.61111568       3.0475372      0.96882647      0.02249235      0.11933121       0.0564258        1.041455   2.1063407e-09        67.69237     -0.43275148      -0.43275148       2.0877343       2.0877343
              3      0.62633427       3.0475372      0.96882647      0.02248992      0.11932764     0.056438406       1.0414435   2.1063407e-09       67.687788     -0.43275148      -0.43275148       2.1181715       2.1181715
              5       1.8064488       3.0464228      0.97026859      0.02248992      0.11932764     0.056438406       1.0414435   2.1039945e-09       67.687788     -0.43275148      -0.43275148       4.4784005       4.4784005
              7       1.5722382       3.0462012      0.96893458      0.02248992      0.11932764     0.056438406       1.0414435   2.1035284e-09       67.687788     -0.43275148      -0.43275148       4.0099794       4.0099794
              2      0.57828801       3.0462012      0.96893458     0.022478158      0.11928344     0.056107516       1.0414963   2.1035284e-09       67.711292     -0.43275148      -0.43275148        2.022079        2.022079
              2       1.0924091       3.0462012      0.96893458     0.022487035      0.11916246     0.056462477       1.0414979   2.1035284e-09       67.761782     -0.43275148      -0.43275148       3.0503211       3.0503211
              1      0.77097575       3.0462012      0.96893458     0.022542047      0.11906456     0.055870021       1.0415211   2.1035284e-09       67.849626     -0.43275148      -0.43275148       2.4074545       2.4074545
              1      0.82898943       3.0462012      0.96893458     0.022535052      0.11902838     0.055530101       1.0415244   2.1035284e-09       67.857716     -0.43275148      -0.43275148       2.5234818       2.5234818
              2       1.7333771       3.0465009      0.96564781     0.022535052      0.11902838     0.055530101       1.0415244   2.1041588e-09       67.857716     -0.43275148      -0.43275148       4.3322571       4.3322571
              5       1.7843634       3.0465009      0.96564781      0.02253497      0.11894209     0.055804053        1.041498   2.1041588e-09       67.879257     -0.43275148      -0.43275148       4.4342298       4.4342298
              4       1.1040539       3.0450796      0.96735063      0.02253497      0.11894209     0.055804053        1.041498   2.1011704e-09       67.879257     -0.43275148      -0.43275148       3.0736107       3.0736107
              1       1.6197891       3.0450796      0.96735063     0.022529074      0.11870479     0.056011856       1.0414176   2.1011704e-09       67.931306     -0.43275148      -0.43275148       4.1050811       4.1050811
