#        weight    minuslogpost            logA              ns           ombh2           omch2             tau    theta_MC_100              As              H0   minuslogprior minuslogprior__0            chi2    chi2__TTTEEE
              1      0.16043313       3.0542676      0.96173654     0.022112256      0.12217553     0.055464673       1.0410725   2.1205649e-09       66.265624     -0.43275148      -0.43275148       1.1863692       1.1863692
              2      0.24146732       3.0542676      0.96173654     0.022141668      0.12236539     0.055057231       1.0406912   2.1205649e-09       66.098492     -0.43275148      -0.43275148       1.3484376       1.3484376
              3      0.34416453       3.0552282      0.96785476     0.022141668      0.12236539     0.055057231       1.0406912   2.1226028e-09       66.098492     -0.43275148      -0.43275148        1.553832        1.553832
              2      0.42489262       3.0552273      0.96919278     0.022141668      0.12236539     0.055057231       1.0406912    2.122601e-09       66.098492     -0.43275148      -0.43275148       1.7152882       1.7152882
              1       0.6570466       3.0531581      0.96918742     0.022093104      0.12269351     0.055016616       1.0406938   2.1182134e-09       65.947939     -0.43275148      -0.43275148       2.1795962       2.1795962
              1      0.56561653       3.0531581      0.96918742     0.022152174      0.12232173     0.054938847        1.040538   2.1182134e-09       66.071178     -0.43275148      -0.43275148        1.996736        1.996736
              3       0.7001089       3.0531581      0.96918742     0.022170722      0.12220553     0.052844172       1.0406152   2.1182134e-09       66.151624     -0.43275148      -0.43275148       2.2657208       2.2657208
              2       1.1967114       3.0531581      0.96918742     0.022517669      0.12175989     0.053376474        1.040589   2.1182134e-09       66.581263     -0.43275148      -0.43275148       3.2589258       3.2589258
              1       1.3781208       3.0531581      0.96918742     0.022325014      0.12141676     0.051905335         1.04064   2.1182134e-09       66.556851     -0.43275148      -0.43275148       3.6217446       3.6217446
              1      0.59468415       3.0531581      0.96918742     0.022332629      0.12040608     0.057485009       1.0403821   2.1182134e-09       66.826394     -0.43275148      -0.43275148       2.0548713       2.0548713
              1        1.060063       3.0531581      0.96918742     0.022477421      0.12108046     0.054455114       1.0403297   2.1182134e-09       66.694956     -0.43275148      -0.43275148       2.9856291       2.9856291
              1       1.0671492       3.0513187      0.96341412     0.022477421      0.12108046     0.054455114       1.0403297   2.1143207e-09       66.694956     -0.43275148      -0.43275148       2.9998014       2.9998014
              1       2.1724399       3.0513187      0.96341412     0.022462649      0.12154645     0.057274177       1.0404016   2.1143207e-09       66.546478     -0.43275148      -0.43275148       5.2103828       5.2103828
              1       2.5264777       3.0513187      0.96341412     0.022273841      0.11909019     0.055252173        1.040777   2.1143207e-09       67.370181     -0.43275148      -0.43275148       5.9184583       5.9184583
              1       1.3909925       3.0513187      0.96341412     0.022345095      0.11941562     0.061436199        1.041409   2.1143207e-09       67.525609     -0.43275148      -0.43275148       3.6474879       3.6474879
              1      0.69791955       3.0513187      0.96341412     0.022291358      0.11915722      0.05796569       1.0412608   2.1143207e-09        67.52267     -0.43275148      -0.43275148       2.2613421       2.2613421
              1      0.85841314       3.0513187      0.96341412      0.02242691      0.11852089     0.060346486        1.040994   2.1143207e-09       67.770076     -0.43275148      -0.43275148       2.5823292       2.5823292
              1       1.3803437       3.0542497      0.96209914      0.02242691      0.11852089     0.060346486        1.040994   2.1205269e-09       67.770076     -0.43275148      -0.43275148       3.6261904       3.6261904
              2       1.4077667       3.0542497      0.96209914     0.022419858      0.11859218     0.060888779        1.040882   2.1205269e-09       67.701493     -0.43275148      -0.43275148       3.6810364       3.6810364
              1        2.145171       3.0541705      0.95742151     0.022419858      0.11859218     0.060888779        1.040882    2.120359e-09       67.701493     -0.43275148      -0.43275148       5.1558449       5.1558449
              1       2.1983045       3.0541705      0.95742151     0.022416626      0.11861865     0.060402065        1.040779    2.120359e-09       67.654946     -0.43275148      -0.43275148        5.262112        5.262112
              1       2.5531135       3.0553237      0.95734344     0.022416626      0.11861865     0.060402065        1.040779   2.1228057e-09       67.654946     -0.43275148      -0.43275148         5.97173         5.97173
              1       2.0466905       3.0553237      0.95734344     0.022488616       0.1187822     0.061525529       1.0412646   2.1228057e-09       67.819138     -0.43275148      -0.43275148       4.9588839       4.9588839
              1       2.2434703       3.0553237      0.95734344     0.022498528      0.11876394     0.062150029       1.0412532   2.1228057e-09           67.83     -0.43275148      -0.43275148       5.3524435       5.3524435
              2        2.141415       3.0553237      0.95734344     0.022491419      0.11877891     0.061872923       1.0412476   2.1228057e-09       67.816919     -0.43275148      -0.43275148        5.148333        5.148333
              1       2.1849581       3.0553237      0.95734344     0.022462856      0.11876837     0.061907505       1.0412171   2.1228057e-09        67.78682     -0.43275148      -0.43275148       5.2354192       5.2354192
              1       2.6704356       3.0553237      0.95734344     0.022476943      0.11877556     0.062952522       1.0411692   2.1228057e-09        67.77986     -0.43275148      -0.43275148       6.2063741       6.2063741
              2       2.5752975        3.052256      0.96650119     0.022476943      0.11877556     0.062952522       1.0411692   2.1163033e-09        67.77986     -0.43275148      -0.43275148       6.0160979       6.0160979
              2        2.301132        3.052256      0.96650119     0.022470762      0.11879596      0.06270009        1.041177   2.1163033e-09       67.770178     -0.43275148      -0.43275148        5.467767        5.467767
              2       1.8713071        3.052256      0.96650119     0.022306417      0.11836382     0.057915396       1.0405473   2.1163033e-09       67.577131     -0.43275148      -0.43275148       4.6081171       4.6081171
              1       2.4552152        3.052256      0.96650119     0.022087705      0.11853534     0.059662435       1.0408474   2.1163033e-09       67.437226     -0.43275148      -0.43275148       5.7759334       5.7759334
              1       2.6004285       3.0521464      0.97035664     0.022058637       0.1192964     0.061751662        1.040639   2.1160715e-09        67.07508     -0.43275148      -0.43275148         6.06636         6.06636
              1       1.5601851       3.0521464      0.97035664     0.022359589      0.11838081     0.061276672       1.0405904   2.1160715e-09       67.629211     -0.43275148      -0.43275148       3.9858732       3.9858732
              1       1.3452115       3.0521464      0.97035664     0.022352452       0.1182927     0.057724228       1.0408336   2.1160715e-09       67.736033     -0.43275148      -0.43275148       3.5559259       3.5559259
              1       1.2138627       3.0521464      0.97035664     0.022556198      0.12008727     0.053196943       1.0406676   2.1160715e-09       67.217004     -0.43275148      -0.43275148       3.2932283       3.2932283
              1        1.587259       3.0521464      0.97035664     0.022565066      0.12001096     0.052783387       1.0406148   2.1160715e-09       67.233291     -0.43275148      -0.43275148       4.0400209       4.0400209
              1       1.0078978       3.0492882      0.97196693     0.022565066      0.12001096     0.052783387       1.0406148    2.110032e-09       67.233291     -0.43275148      -0.43275148       2.8812986       2.8812986
              1        1.521519       3.0492882      0.97196693     0.022507512      0.11849762     0.054005807       1.0409219    2.110032e-09       67.820683     -0.43275148      -0.43275148        3.908541        3.908541
              2       1.6131908       3.0492882      0.97196693     0.022226064      0.11881665     0.055479484       1.0410781    2.110032e-09       67.528145     -0.43275148      -0.43275148       4.0918846       4.0918846
              1       1.6626639       3.0482964       0.9659766     0.022226064      0.11881665     0.055479484       1.0410781   2.1079404e-09       67.528145     -0.43275148      -0.43275148       4.1908307       4.1908307
              1       1.0160598       3.0482964       0.9659766      0.02278694      0.11984387     0.056134867        1.041531   2.1079404e-09       67.782707     -0.43275148      -0.43275148       2.8976225       2.8976225
              1       2.1711102       3.0482964       0.9659766     0.022884182      0.11892881     0.058540482       1.0413659   2.1079404e-09       68.129709     -0.43275148      -0.43275148       5.2077233       5.2077233
              1       2.2256083       3.0480515      0.96557678     0.022884182      0.11892881     0.058540482       1.0413659   2.1074242e-09       68.129709     -0.43275148      -0.43275148       5.3167195       5.3167195
              1      0.38749702        3.048607      0.96421581     0.022690377      0.11880915     0.056201187       1.0412808   2.1085951e-09       67.982186     -0.43275148      -0.43275148        1.640497        1.640497
              1      0.37051902        3.048607      0.96421581     0.022691713      0.11856372     0.057046448       1.0413037   2.1085951e-09        68.07785     -0.43275148      -0.43275148        1.606541        1.606541
              1      0.91531358        3.048607      0.96421581     0.022656929      0.11837974     0.055530618       1.0412449   2.1085951e-09       68.094521     -0.43275148      -0.43275148       2.6961301       2.6961301
              1       1.8096431        3.048607      0.96421581     0.022245595      0.11773788     0.059623681       1.0408778   2.1085951e-09       67.860876     -0.43275148      -0.43275148       4.4847892       4.4847892
              1       1.4859302        3.048607      0.96421581     0.022206577      0.11819272     0.060389463       1.0409224   2.1085951e-09       67.681466     -0.43275148      -0.43275148       3.8373634       3.8373634
              1       2.3704581        3.048607      0.96421581     0.022152113      0.11942158     0.054165863       1.0404553   2.1085951e-09       67.046396     -0.43275148      -0.43275148       5.6064191       5.6064191
              3       1.5138558        3.048607      0.96421581     0.022111462      0.11969038     0.054946888       1.0405412   2.1085951e-09        66.94746     -0.43275148      -0.43275148       3.8932146       3.8932146
              1       1.5597781        3.048607      0.96421581     0.022410185      0.11848279     0.061151456       1.0407112   2.1085951e-09       67.675109     -0.43275148      -0.43275148       3.9850592       3.9850592
              1       1.2920286        3.048607      0.96421581     0.022419901      0.11864045     0.060432984       1.0405951   2.1085951e-09       67.588382     -0.43275148      -0.43275148       3.4495602       3.4495602
              1       1.3965865        3.048607      0.96421581     0.022423467      0.11862227     0.060585812       1.0405882   2.1085951e-09       67.595424     -0.43275148      -0.43275148        3.658676        3.658676
              1       2.1671277       3.0442714      0.96019824     0.022423467      0.11862227     0.060585812       1.0405882   2.0994728e-09       67.595424     -0.43275148      -0.43275148       5.1997584       5.1997584
              1       1.2923788       3.0442714      0.96019824     0.022160303      0.11912642     0.054950009       1.0404292   2.0994728e-09       67.148186     -0.43275148      -0.43275148       3.4502606       3.4502606
              1       1.0675254       3.0430365      0.95936965     0.022160303      0.11912642     0.054950009       1.0404292   2.0968818e-09       67.148186     -0.43275148      -0.43275148       3.0005537       3.0005537
              1      0.82568355       3.0430365      0.95936965     0.022326038      0.12021336     0.053012876       1.0401885   2.0968818e-09       66.823452     -0.43275148      -0.43275148       2.5168701       2.5168701
              3       2.5154299       3.0441765      0.95257322     0.022342045      0.11886146     0.056538653       1.0398356   2.0992738e-09       67.192491     -0.43275148      -0.43275148       5.8963627       5.8963627
              1       2.0807388       3.0441765      0.95257322     0.022333748      0.11921948     0.058567795        1.040032   2.0992738e-09       67.125138     -0.43275148      -0.43275148       5.0269805       5.0269805
              2       2.4483435       3.0437327      0.95007266     0.022333748      0.11921948     0.058567795        1.040032   2.0983422e-09       67.125138     -0.43275148      -0.43275148       5.7621899       5.7621899
              1       2.2255585       3.0437327      0.95007266     0.022330805      0.11916062     0.057828146       1.0400739   2.0983422e-09         67.1574     -0.43275148      -0.43275148         5.31662         5.31662
              3       1.6717068       3.0463927      0.95469479     0.022330805      0.11916062     0.057828146       1.0400739   2.1039313e-09         67.1574     -0.43275148      -0.43275148       4.2089166       4.2089166
              1       2.2799078       3.0463927      0.95469479     0.022340323      0.11975878     0.053876637       1.0402247   2.1039313e-09        67.00578     -0.43275148      -0.43275148       5.4253185       5.4253185
              1       2.7046641       3.0463927      0.95469479     0.022344641      0.11976427     0.053395824       1.0401641   2.1039313e-09       66.987205     -0.43275148      -0.43275148       6.2748311       6.2748311
              1      0.56368591       3.0435112      0.96132817     0.022292895      0.12008319     0.055294398       1.0401805   2.0978774e-09        66.83889     -0.43275148      -0.43275148       1.9928748       1.9928748
              1      0.89879646         3.04087      0.96436436     0.022243756      0.12012805     0.054186344       1.0399912   2.0923439e-09        66.71991     -0.43275148      -0.43275148       2.6630959       2.6630959
              1       1.4701536         3.04087      0.96436436     0.022282619      0.12108988     0.049071815       1.0401204   2.0923439e-09       66.461626     -0.43275148      -0.43275148       3.8058102       3.8058102
              1       3.3226525         3.04087      0.96436436       0.0222489      0.12146369     0.055195659       1.0400008   2.0923439e-09       66.265627     -0.43275148      -0.43275148        7.510808        7.510808
              1         2.62894       3.0395406      0.95973862     0.022227679      0.12139193     0.054483657       1.0398268   2.0895642e-09       66.215062     -0.43275148      -0.43275148        6.123383        6.123383
              3       2.0430641       3.0395406      0.95973862     0.021756681      0.12172335     0.055227739       1.0396861   2.0895642e-09       65.670534     -0.43275148      -0.43275148       4.9516311       4.9516311
              2       2.0648002       3.0427934      0.96712125     0.021770549      0.12147054     0.055474104        1.040026   2.0963721e-09       65.880877     -0.43275148      -0.43275148       4.9951034       4.9951034
              1       2.8062918        3.041548      0.96931617     0.021770549      0.12147054     0.055474104        1.040026   2.0937629e-09       65.880877     -0.43275148      -0.43275148       6.4780866       6.4780866
              1       2.8889558       3.0423832      0.97059462     0.021770549      0.12147054     0.055474104        1.040026   2.0955124e-09       65.880877     -0.43275148      -0.43275148       6.6434146       6.6434146
              1       2.9483205       3.0423175      0.97076637     0.021770549      0.12147054     0.055474104        1.040026   2.0953747e-09       65.880877     -0.43275148      -0.43275148       6.7621439       6.7621439
              1       2.6769169       3.0423175      0.97076637      0.02188563      0.12371663     0.047408159       1.0400894   2.0953747e-09       65.232981     -0.43275148      -0.43275148       6.2193367       6.2193367
              1       4.0993984       3.0423175      0.97076637     0.021701944      0.12347686     0.053556308       1.0404825   2.0953747e-09       65.293499     -0.43275148      -0.43275148       9.0642998       9.0642998
              1       3.7870497       3.0423175      0.97076637     0.021793244      0.12463265     0.044589585       1.0409209   2.0953747e-09       65.125653     -0.43275148      -0.43275148       8.4396023       8.4396023
              1       4.4902874       3.0423175      0.97076637     0.021697267      0.12465697     0.044482622         1.04088   2.0953747e-09       65.025703     -0.43275148      -0.43275148       9.8460778       9.8460778
              2       4.4428198       3.0423175      0.97076637     0.021563701      0.12514667     0.046149575       1.0405733   2.0953747e-09        64.65348     -0.43275148      -0.43275148       9.7511425       9.7511425
              1       4.0498297       3.0418491      0.96855151     0.021563701      0.12514667     0.046149575       1.0405733   2.0943935e-09        64.65348     -0.43275148      -0.43275148       8.9651623       8.9651623
              1       4.3650751       3.0418491      0.96855151     0.021546722      0.12518284     0.045594504       1.0405356   2.0943935e-09       64.615343     -0.43275148      -0.43275148       9.5956531       9.5956531
              1       4.0736668       3.0418491      0.96855151     0.021448737      0.12320704     0.050378421       1.0400953   2.0943935e-09       65.051574     -0.43275148      -0.43275148       9.0128366       9.0128366
              3       4.0016592        3.043699      0.96567833     0.021448737      0.12320704     0.050378421       1.0400953   2.0982714e-09       65.051574     -0.43275148      -0.43275148       8.8688214       8.8688214
              4       4.0497447       3.0441768      0.96473448     0.021448737      0.12320704     0.050378421       1.0400953   2.0992742e-09       65.051574     -0.43275148      -0.43275148       8.9649924       8.9649924
              1        3.588269       3.0441768      0.96473448     0.021486685      0.12322553     0.050429561       1.0401478   2.0992742e-09       65.093281     -0.43275148      -0.43275148       8.0420409       8.0420409
              2       1.8161675       3.0441768      0.96473448     0.021748279      0.12334295     0.050626644       1.0413165   2.0992742e-09       65.651804     -0.43275148      -0.43275148        4.497838        4.497838
              2       2.1953124       3.0452148      0.96794023     0.021748279      0.12334295     0.050626644       1.0413165   2.1014546e-09       65.651804     -0.43275148      -0.43275148       5.2561278       5.2561278
              2       1.8102791       3.0452148      0.96794023     0.021803822      0.12349208     0.051075345       1.0413497   2.1014546e-09       65.657927     -0.43275148      -0.43275148       4.4860612       4.4860612
              1      0.91794236       3.0452148      0.96794023     0.021993183      0.12305053     0.051000566       1.0411685   2.1014546e-09       65.902246     -0.43275148      -0.43275148       2.7013877       2.7013877
              2       1.3134904       3.0452148      0.96794023     0.021965723       0.1236118     0.050565862       1.0408358   2.1014546e-09       65.580282     -0.43275148      -0.43275148       3.4924838       3.4924838
              1       1.1290512       3.0452148      0.96794023     0.022045047      0.12308465     0.051825202       1.0407672   2.1014546e-09       65.800358     -0.43275148      -0.43275148       3.1236055       3.1236055
              1       1.1100574       3.0452148      0.96794023     0.022090147      0.12328261     0.049262892       1.0408304   2.1014546e-09       65.791473     -0.43275148      -0.43275148       3.0856177       3.0856177
              1       1.3823505       3.0452148      0.96794023     0.022088334      0.12360664     0.050640082       1.0410188   2.1014546e-09        65.74327     -0.43275148      -0.43275148        3.630204        3.630204
              1      0.96143129       3.0452148      0.96794023     0.022060317      0.12268393     0.049649199       1.0413038   2.1014546e-09       66.126558     -0.43275148      -0.43275148       2.7883655       2.7883655
              1       2.3965763       3.0452148      0.96794023     0.022056557       0.1229546     0.047227466       1.0401926   2.1014546e-09        65.66354     -0.43275148      -0.43275148       5.6586556       5.6586556
              1       2.1376191       3.0439125      0.96708015     0.022056557       0.1229546     0.047227466       1.0401926   2.0987196e-09        65.66354     -0.43275148      -0.43275148       5.1407412       5.1407412
              3        2.479946       3.0439125      0.96708015     0.022047971      0.12297296     0.046667943       1.0401989   2.0987196e-09       65.652368     -0.43275148      -0.43275148        5.825395        5.825395
              1         3.74167       3.0439125      0.96708015     0.022137182      0.12278306     0.044803332       1.0404293   2.0987196e-09       65.866112     -0.43275148      -0.43275148        8.348843        8.348843
              1       4.5020875       3.0452902      0.96536561     0.022137182      0.12278306     0.044803332       1.0404293    2.101613e-09       65.866112     -0.43275148      -0.43275148        9.869678        9.869678
              2       7.3432411       3.0470065      0.96224214     0.022207318      0.12341486     0.042783365       1.0403314   2.1052229e-09       65.677966     -0.43275148      -0.43275148       15.551985       15.551985
              1       3.3492563       3.0470065      0.96224214     0.022099556      0.12295925     0.046928937       1.0402257   2.1052229e-09       65.708177     -0.43275148      -0.43275148       7.5640155       7.5640155
              1       5.8458784       3.0491836      0.96702726     0.022329603      0.12404399     0.043405743       1.0402463   2.1098114e-09       65.539506     -0.43275148      -0.43275148        12.55726        12.55726
              1       5.5237104       3.0491836      0.96702726       0.0224784      0.12380384     0.048614258       1.0395795   2.1098114e-09       65.521711     -0.43275148      -0.43275148       11.912924       11.912924
              1       5.5640847       3.0491836      0.96702726     0.022472708      0.12374298     0.047554927       1.0395412   2.1098114e-09       65.524679     -0.43275148      -0.43275148       11.993672       11.993672
              1       5.5964915       3.0488542      0.96770009     0.022472708      0.12374298     0.047554927       1.0395412   2.1091165e-09       65.524679     -0.43275148      -0.43275148       12.058486       12.058486
              1       4.5194955       3.0488542      0.96770009     0.022230983      0.12528423     0.045918016       1.0400049   2.1091165e-09        64.96663     -0.43275148      -0.43275148        9.904494        9.904494
              1       2.3947007       3.0488542      0.96770009     0.022038062      0.12486529     0.048666186       1.0403597   2.1091165e-09       65.063763     -0.43275148      -0.43275148       5.6549044       5.6549044
